100
1 3
3 3 873
4 2
1 2 932
2 1 148
2 2 549
2 1 737
7 5
4 3 786
4 3 609
4 4 141
4 4 302
3 3 481
3 3 632
4 3 749
6 1
1 1 518
1 1 817
1 1 781
1 1 586
1 1 794
1 1 485
2 7
1 4 708
7 4 806
6 1
1 1 37
1 1 996
1 1 956
1 1 678
1 1 833
1 1 879
8 5
3 3 606
3 3 764
4 4 884
4 3 721
4 4 641
4 3 216
3 4 939
4 3 825
5 6
3 3 761
6 5 318
4 6 79
1 6 126
3 2 387
8 3
2 2 956
3 2 202
1 1 840
2 2 535
2 3 693
2 1 809
1 2 381
2 1 539
8 8
8 8 1000
8 8 1000
8 8 1000
8 8 1000
8 8 1000
8 8 1000
8 8 1000
8 8 1000
4 2
1 1 983
2 2 876
1 1 305
1 1 846
8 6
6 6 958
3 3 150
1 2 844
3 4 743
2 5 506
4 1 564
1 1 187
6 6 234
4 1
1 1 278
1 1 510
1 1 962
1 1 132
8 8
1 3 789
4 1 19
5 8 169
6 5 60
4 4 454
3 6 939
7 3 462
2 6 904
8 8
6 5 618
8 7 640
6 8 153
6 5 513
5 6 345
7 8 372
5 7 201
5 6 251
6 8
8 8 1000
8 8 1000
8 8 1000
8 8 1000
8 8 1000
8 8 1000
6 3
3 2 367
2 3 127
2 2 369
2 3 793
2 2 529
3 1 603
3 7
6 2 360
5 6 861
7 1 730
3 1
1 1 1000
1 1 1000
1 1 1000
5 3
3 1 704
3 1 567
1 3 282
3 3 223
2 3 398
6 5
1 3 160
4 1 882
4 4 749
4 3 874
4 5 499
1 3 88
8 8
1 6 6
1 3 3
1 4 4
1 5 5
8 8 1000
1 2 2
1 1 1
1 7 7
1 2
2 2 203
7 2
1 1 886
2 1 33
2 2 68
2 1 294
2 2 548
2 1 694
1 2 553
8 4
4 4 1000
4 4 1000
4 4 1000
4 4 1000
4 4 1000
4 4 1000
4 4 1000
4 4 1000
2 8
8 8 1000
8 8 1000
7 5
1 3 894
4 2 278
1 4 55
4 1 928
1 2 816
3 2 91
2 1 205
3 3
1 3 107
2 2 582
3 1 921
1 1
1 1 571
6 7
6 5 84
6 4 856
6 6 265
4 6 625
5 4 461
5 6 733
7 8
8 3 790
2 4 777
7 6 400
1 6 61
6 3 130
1 3 868
6 4 92
5 6
1 3 309
2 5 185
5 2 553
2 5 258
1 6 239
3 7
7 7 1000
7 7 1000
7 7 1000
3 6
2 4 702
6 5 685
5 6 157
7 7
6 4 692
6 1 537
5 1 442
2 7 862
1 5 517
4 1 871
5 6 763
8 8
8 8 1000
8 8 1000
8 8 1000
8 8 1000
8 8 1000
8 8 1000
8 8 1000
8 8 1000
2 3
1 3 806
2 3 429
2 4
2 4 80
4 2 513
1 2
1 1 959
4 6
3 2 748
3 5 875
2 3 469
6 6 252
7 5
4 4 452
3 3 385
4 4 41
3 4 489
3 4 276
4 4 67
4 4 556
8 8
1 8 771
3 7 961
6 3 468
8 8 298
4 2 363
4 2 498
8 1 431
7 6 739
5 7
7 6 882
5 3 417
6 6 521
6 4 69
6 2 694
2 4
3 4 142
4 1 697
8 8
1 8 1000
1 8 1000
1 8 1000
1 8 1000
1 8 1000
1 8 1000
1 8 1000
1 8 1000
2 2
1 2 50
1 2 243
3 4
4 4 1000
4 4 1000
4 4 1000
8 4
4 4 585
4 4 559
4 4 339
4 4 413
4 4 78
4 4 845
4 4 769
4 4 133
2 1
1 1 952
1 1 798
4 3
1 3 807
2 2 324
3 2 620
3 3 763
7 3
3 3 500
1 3 851
2 3 792
2 3 663
1 3 571
2 1 132
1 3 855
7 2
2 2 1000
2 2 1000
2 2 1000
2 2 1000
2 2 1000
2 2 1000
2 2 1000
4 3
1 1 864
2 1 167
2 3 542
3 2 707
8 8
6 7 407
5 7 791
6 7 322
7 8 110
6 6 35
6 8 361
5 6 231
5 7 942
4 1
1 1 691
1 1 826
1 1 322
1 1 825
4 4
1 3 91
4 3 421
4 1 575
3 2 171
7 8
1 6 270
5 4 213
6 7 524
6 2 37
3 4 270
1 3 703
6 1 582
3 4
4 3 352
4 2 220
4 3 754
6 3
1 2 71
2 1 40
2 2 652
1 1 938
2 3 826
1 3 580
1 4
3 2 766
5 7
1 1 294
3 1 586
4 3 304
7 5 941
5 4 151
6 4
3 4 270
1 4 587
1 3 666
4 3 82
2 3 781
2 4 424
8 8
8 1 1000
8 1 1000
8 1 1000
8 1 1000
8 1 1000
8 1 1000
8 1 1000
8 1 1000
7 6
6 4 239
5 4 710
6 6 452
5 6 968
6 6 383
5 4 723
4 4 768
5 3
2 1 890
3 2 572
2 3 737
1 2 616
2 1 779
3 1
1 1 577
1 1 933
1 1 397
6 4
3 4 953
2 4 865
2 1 326
2 1 363
3 1 855
3 3 596
2 8
1 1 449
4 1 471
2 5
5 3 83
2 5 147
3 8
7 7 684
1 1 612
3 4 150
2 1
1 1 127
1 1 506
8 7
6 3 633
5 2 244
7 7 514
7 3 300
6 4 692
6 6 43
5 4 1
5 6 43
5 8
5 6 557
8 3 863
2 4 550
2 6 121
3 4 394
6 4
4 3 323
3 3 521
1 4 295
1 4 241
3 2 763
1 4 569
3 5
3 2 146
3 4 284
2 3 591
1 2
2 1 118
7 3
1 1 253
1 2 846
1 2 890
1 3 656
1 1 442
1 2 538
1 3 498
8 8
8 6 729
7 8 724
6 5 771
5 5 898
8 6 886
7 7 854
7 6 694
5 8 951
8 7
4 4 153
1 3 389
3 2 947
7 3 580
5 6 646
5 4 499
1 1 573
6 1 368
8 8
1 5 5
1 2 2
1 1 1
1 4 4
1 7 7
1 8 8
1 6 6
1 3 3
1 1
1 1 1
3 4
1 1 142
2 1 102
4 4 862
2 7
7 5 772
2 4 518
7 4
4 4 890
4 3 631
2 2 381
2 3 705
3 2 523
1 2 134
2 3 307
8 8
1 8 993
1 1 1000
1 4 997
1 3 998
1 2 999
1 5 996
1 7 994
1 6 995
7 8
2 4 487
7 6 323
3 8 680
4 1 620
8 1 491
7 2 194
7 2 517
2 6
6 6 658
3 3 30
1 1
1 1 135
8 7
4 5 523
5 5 159
4 6 945
4 5 750
6 6 978
6 6 40
5 6 909
4 6 597
4 5
4 2 286
3 2 907
2 4 407
1 4 123
8 4
4 4 1000
4 4 1000
4 4 1000
4 4 1000
4 4 1000
4 4 1000
4 4 1000
4 4 1000
4 6
6 6 1000
6 6 1000
6 6 1000
6 6 1000
7 7
6 6 225
5 5 865
5 4 243
5 4 764
5 5 645
6 4 740
4 6 104
5 4
1 2 637
4 1 768
1 1 538
2 4 230
4 1 539
5 8
4 4 215
8 7 353
1 4 377
6 7 621
1 2 523
8 1
1 1 863
1 1 268
1 1 578
1 1 670
1 1 852
1 1 971
1 1 76
1 1 126
6 1
1 1 975
1 1 678
1 1 194
1 1 905
1 1 310
1 1 809
3 8
1 5 367
4 6 675
4 3 768
5 3
3 3 298
2 1 497
1 1 575
2 1 635
3 3 462
1 6
5 6 501
