5000
8 5216781
5 383
15 3284194
12 7742052
19 2987517
15 3014655
17 2533775
15 13334296
12 249855
14 8199702
18 8727676
1 7
3 15799510
8 14523307
24 220812
17 13970124
10 100351
13 7109790
12 9335577
28 3083666
4 303
3 7454861
27 13438950
11 182271
1 35
14 1441791
30 457745
3 3561277
5 2751
27 1453242
6 4799
21 15758730
19 20447231
7 255
24 10160902
5 11015310
3 7479895
7 9771883
17 4587519
2 2903054
12 15625258
9 10239
4 6069364
2 387
28 14222125
12 53247
2 291
17 7733247
7 6281609
7 3960622
28 6989197
7 8831
15 5651915
2 75
12 15208672
17 2799061
9 8041578
25 2002843
27 11078037
13 2324303
4 5084911
3 551
2 371
9 10710732
16 3456896
28 14096010
25 8841883
24 14877181
9 3120342
14 147455
22 7748520
13 114687
17 9035669
10 61439
16 14876966
9 2399589
9 5344021
25 16187327
7 14829313
22 8773407
10 67583
24 11994699
4 14960863
11 11735772
27 8932877
22 1668568
2 191
1 185
23 2866508
18 1841009
26 6810161
23 4915982
6 3775
12 12803308
30 10839969
9 9806543
7 5503
4 14248413
11 393478
3 5709632
7 4223
18 16252927
22 322413
16 2555903
14 81919
7 2687
12 1665727
16 589823
9 12259604
17 3670015
14 8909251
15 917503
12 9372730
4 687
17 2752511
7 9215
12 15983020
3 20
5 15548269
4 447
22 3249392
13 524287
4 13
3 727
13 573439
24 13376336
15 950271
1 5
4 18
17 16135571
3 0
6 9540607
9 100
22 15294904
7 298433
13 106495
7 3711
14 114687
1 4867137
14 1179647
30 13759770
20 3021514
12 15169455
16 4128767
5 12765146
6 10118487
16 3801087
11 7300715
12 102399
23 1998355
2 59
21 6075941
14 15562932
9 4078644
20 15048680
26 12237262
27 7821581
5 10435266
25 13230351
14 2181286
11 38911
24 7482106
16 10743667
30 12463837
19 13459719
11 6378943
12 110591
3 71
25 10380268
3 10
29 843277
7 6143
3 4837309
3 567
12 14505227
1 10512144
26 536991
2 2166128
20 56623103
19 10642526
16 262143
27 14817153
30 2332046
21 2837180
12 15189189
25 7053624
18 12303037
13 688127
6 5695
10 3022186
2 11406892
28 4987672
2 3
27 14547972
9 29695
11 6386583
22 15502452
20 95420415
12 28671
19 9941205
18 20185087
14 573439
11 11007504
15 1705064
14 901119
17 8388607
7 7437991
2 13199746
19 13574357
16 2359295
1 371958
18 21495807
23 4235078
23 50331647
4 10917201
18 14680063
16 2424831
11 172031
5 2143
12 11210946
19 1875735
23 1830176
25 16272664
7 1063554
26 10685494
5 16354913
14 16550171
4 0
30 15593896
5 1279
9 11263
15 10493702
16 2544217
9 40959
9 12577705
9 12963854
13 10908921
2 5318129
2 263
4 5133820
1 8838743
1 51
19 3087432
20 90177535
8 14432380
13 1716408
7 3839
17 13089985
25 3645681
9 40447
1 117
7 8575
10 2878404
11 153599
21 2097151
7 14423160
4 13920954
8 15125475
17 10354687
8 11163454
16 1875718
15 1015807
26 12105432
16 2316631
20 82837503
2 63
13 7357846
7 383
7 4479
5 2111
4 2959146
3 12
1 89
1 5214193
1 53
18 12582911
5 5596363
11 28671
7 9599
18 15834175
4 4408793
19 9961471
9 12236631
4 335
11 180223
6 11396312
9 10720795
4 1151
16 2228223
10 15621934
20 20971519
18 1718564
11 55295
4 14039640
8 19199
18 8912895
3 1
20 46137343
15 5847779
27 1866895
10 18431
2 47
18 10270207
1 9
17 6815743
17 3014655
6 2495
24 4094793
11 190463
17 6160383
17 7145000
28 4839694
12 57343
27 10977322
7 5247
23 9140805
2 10750275
12 12287
6 4287
4 191
10 3598069
20 720661
14 3996749
7 8703
24 7894757
16 9633707
14 819199
8 20735
19 15973079
17 15881992
11 186367
11 30719
5 2079
2 243
21 7985071
10 9291065
27 5964433
12 6979171
15 2981887
4 10219100
2 4319611
13 5321837
14 6541233
14 638975
4 783
9 16231589
30 15382205
14 13137071
22 12051074
22 15503776
8 2125157
7 9455931
4 5477053
4 8009393
1 153
21 18874367
1 12328415
8 20223
23 9423960
6 127
17 12677988
30 4954468
25 5942053
20 70254591
1 175
19 50331647
11 202751
18 15466495
20 6404906
4 5200627
16 3997695
25 16381401
3 239
7 2032444
21 6498093
6 3199
20 10485759
1 183
7 1605654
1 15461060
14 704511
19 25165823
20 2472216
15 1769471
16 14222230
18 9961471
4 8186874
27 11404956
27 11524691
25 8386605
7 11263
9 6114302
8 6110090
6 13701131
20 69206015
9 19967
19 21495807
3 5391495
7 5403433
20 16498853
6 2623
16 466955
23 12380553
16 9451054
24 14928580
7 1134271
3 167
26 9759007
9 39423
1 1
13 221183
21 4227422
13 3666280
21 69206015
9 49663
4 1455
24 2717485
12 385023
7 10239
2 3357820
25 13920345
22 8832370
24 10522980
20 58720255
1 0
13 393215
9 30719
2 13578986
20 4370413
11 137215
29 3436311
24 11475422
7 9983828
27 10504636
13 442367
20 15138868
14 278527
22 14344064
9 15359
30 16687207
25 11832969
21 12477669
5 2495
18 6794028
30 5237553
3 6682191
28 6318817
26 12931438
16 1507327
1 3182853
17 10223615
13 237567
4 14055036
7 10879
14 737279
11 59391
23 9078815
2 131
7 5365084
21 2201916
3 9366785
20 24117247
10 99327
17 6422527
2 219
13 16067696
8 10495
4 7295105
20 10558018
4 20
2 159
7 7184093
6 5375
27 4899637
19 1048575
4 9
7 13130367
18 15728639
8 11307777
19 4698410
7 3219067
28 7365037
14 10675040
26 16310910
14 954104
21 2101767
17 5902547
25 5355855
26 1578355
13 483327
16 899481
6 16120697
3 335
5 152226
17 12991557
30 14905429
20 79691775
20 35651583
14 1130495
23 13585229
20 2097151
4 1263
29 4539852
8 12031
13 16062413
8 3327
21 5686276
18 15977855
10 7167
14 491519
30 11062681
9 4844448
2 107
27 4080932
19 7671208
2 299
20 96468991
6 9883770
2 367
1 45
19 49283071
2 143
8 17151
2 375
3 311
16 10863620
27 4681273
26 6635930
21 85983231
30 12569994
18 5242879
30 4753232
6 4863
9 2467293
19 34603007
15 1719304
7 9249314
12 15935340
22 4878804
13 147455
19 12800484
16 7896451
1 115
13 475135
9 547356
19 7185824
3 16
16 9909452
23 7678960
27 3055399
17 4718591
13 139263
9 10683443
3 5
8 25343
7 2172334
4 847
22 10392977
10 3286620
14 1572863
24 12618494
13 800973
1 6024620
14 15965534
28 14664511
8 1786706
17 11010047
5 3135
19 6562879
13 745471
15 2457599
4 1782945
12 90111
3 6419436
24 5146776
18 8497174
4 5624104
4 6799814
30 7842859
24 10090266
8 1791
9 9215
24 9463048
4 44
16 16569048
4 23
20 13818703
15 1867775
10 83967
9 602224
17 3407871
2 127
10 11033419
14 475135
12 372735
18 1904456
15 1277951
15 10844556
13 16262285
5 9371627
3 17
4 1343
7 12159
6 5988499
13 13161662
14 950271
23 6644532
17 9634490
15 13827
9 13821335
19 1707612
9 7996768
18 15541815
7 4735
15 12011463
16 7520036
3 671
9 12501616
7 14498773
6 1194115
23 7122051
1 23
22 10375815
21 13937902
8 21503
17 4161299
22 9807421
12 11803957
10 6143
11 161791
1 155
6 2303
13 9395631
17 10878975
7 4351
29 12537229
11 6635892
13 10438223
9 7234288
2 0
1 7268389
2 383
8 2064839
4 37
12 352255
3 9370472
19 40370175
13 647167
6 1151
8 16421197
19 11010047
12 12030800
16 1769471
19 9722293
28 2326452
11 129023
14 229375
4 6416557
30 9905387
8 9471
4 815
19 2621439
4 47442
2 363
11 65535
7 612637
13 507903
7 127
3 719
5 13059226
30 12057220
10 10648880
12 327679
15 2818047
9 39935
20 14680063
15 1212415
14 11483081
7 16661869
10 11796744
7 7039
16 2686975
19 17301503
12 16432177
28 11851060
29 3645991
24 2183807
12 188415
4 1519
14 15114532
10 40959
18 11010047
24 15432835
18 5975406
10 76799
1 10864047
12 3630165
7 9471
23 15318045
18 15152013
19 47185919
25 16426472
2 171
3 2547869
19 22020095
14 1474559
16 13420374
3 117670
21 62914559
14 9771107
21 2949489
23 4750884
24 83886079
22 15878259
17 10747903
10 55295
19 13631487
20 5242879
3 463
13 24575
25 5715399
3 391
4 879
19 11474682
7 13615717
20 93323263
11 11511266
23 15048662
12 10074305
10 5081069
10 10906475
13 81919
3 15
9 44543
12 11501440
13 16387948
12 155647
19 7702897
21 14970709
11 71679
19 45613055
2 203
16 9599156
14 4660286
3 11026001
11 49151
28 5749513
16 12201432
21 4194303
7 4804532
21 6481015
4 4502183
13 778239
11 1456186
8 16127
17 393215
16 983039
8 16639
30 5323797
11 7669727
11 26623
1 169
1 15127976
2 12754417
14 1359871
23 7741350
2 179
21 14099731
7 3691352
3 7455445
16 5701631
22 67108863
12 159743
25 12973837
4 799
17 8912895
1 61
13 163839
27 3914756
13 5216429
17 9175039
12 8191
7 11519
12 1255585
1 145
30 4993267
8 206380
16 6472570
9 8191
4 271
13 327679
17 10317456
15 16698340
25 2023000
30 5559731
30 4814460
21 52428799
8 666340
8 2815
12 966789
22 2907476
4 1097638
10 13968862
9 12675090
13 262143
30 1173736
19 39321599
8 12138641
12 2688522
6 2111
7 4095
14 409599
17 2349370
7 4401850
19 9143659
12 286719
17 2883583
7 9052123
8 13200240
15 8941582
15 2785279
23 8388607
8 11263
30 6727417
22 13979502
15 524287
21 10739306
30 6381436
17 1441791
13 548863
6 11568033
5 2207
14 1015807
19 2916778
4 9832043
3 591
4 35
8 4906190
11 12287
23 16777215
27 13505243
21 9465689
17 7864319
13 1051494
22 954343
18 15990783
20 2797691
9 10957708
18 9349799
21 39845887
6 7993027
30 6699140
3 695
28 8215062
6 5311
12 8469069
9 2559
26 4160117
13 7352476
20 53477375
7 867132
27 10430720
12 40959
13 6673090
24 5763309
7 16072947
5 15076292
12 393215
15 7042831
16 8762566
24 13079761
16 3604479
12 65535
6 8213944
11 118783
10 52223
17 12845055
2 962536
10 1825833
5 1535
13 7422179
27 14056513
7 3723158
28 6294928
30 7069766
8 23807
11 135167
18 2703360
17 11346585
24 15005498
20 5049584
15 13636881
20 3145727
29 2233050
7 10103588
10 93183
13 811007
5 299229
15 1114111
25 6500606
19 1244214
10 41983
5 148932
20 38797311
15 530266
16 4456447
11 11472810
7 1663
9 27647
19 12478687
4 47237
18 524287
25 15880096
12 118783
26 11212642
4 943
7 16180195
17 11796479
28 15343131
3 12300677
7 15050090
27 12849454
5 8659368
29 5467005
15 2758254
16 655359
16 2551182
3 1836754
12 449365
16 458751
9 5631
17 524287
15 417782
13 12723232
18 3482894
3 479
3 12456122
12 9427803
22 6380192
19 19922943
19 7469798
20 29360127
11 133119
5 4134653
4 7642347
22 15617488
11 122879
15 1245183
17 8126463
7 1852527
23 13792320
4 5898150
4 127
6 12422697
19 524287
5 4231561
2 16661627
29 14271485
27 6742530
10 98303
11 6373235
7 9855
1 91
13 13626756
6 2586064
10 30719
24 2170074
1 85
16 327679
17 12999419
17 9306111
19 10485759
29 8842850
12 4076408
16 994851
17 7005916
1 6604053
16 3922424
7 8959
17 12182776
14 1294335
25 9998594
30 1998957
24 2570725
9 9711940
10 10305014
19 7864319
5 2687
5 4661935
18 16705690
13 614399
2 347
23 344073
23 12110170
3 13798016
21 8388607
6 447
2 9814635
10 9498664
5 15769234
27 2514604
8 2047
19 11310004
6 383
15 1638399
18 23068671
21 14438250
21 58720255
3 447
2 355
6 63
11 4163796
11 12381976
1 27
2 79
4 16
15 2523135
13 3337533
12 315391
14 6770287
20 61865983
20 3279579
29 10007677
15 2195455
25 9098326
16 11690818
1 284159
23 15477064
29 1573495
12 16383
9 31743
26 12608961
4 1087
29 4437991
17 12320767
1 7659036
12 13917853
16 1703935
11 165887
6 3967
27 15497581
10 3698683
28 12224525
10 3617806
4 1597098
10 65535
30 4548339
19 22544383
12 20479
1 49
19 24117247
4 12835544
18 9848413
28 14807499
15 1081343
19 9049855
23 3939476
1 7156397
11 2047
3 7270082
6 5119
10 939896
13 654855
17 9568255
3 4473139
18 25952255
28 13911685
6 1727
2 327
20 9946931
19 28835839
29 9799927
14 1589247
14 1392639
15 429706
5 31
14 7982693
18 9983202
28 9625444
8 9140037
25 15396739
8 3006784
9 12799
26 15262097
4 27
26 1656890
30 4807968
15 294911
25 8363869
11 6606486
7 14764096
24 10033307
19 9343322
17 14914085
19 3659047
3 3536745
18 3715276
8 1535
10 88063
3 247
21 9029082
12 331775
24 9802727
16 3276799
25 6631700
6 5295862
3 4
25 10395104
3 87
27 7668066
18 18612223
20 73400319
20 65011711
5 5704683
21 2477323
27 9408402
8 14148422
26 6937639
1 17
8 18175
20 10696352
26 11257299
5 5971286
15 229375
9 7442324
8 23039
30 14630209
2 1834373
18 12795626
6 2751
15 1540095
20 6566690
12 61439
22 79691775
6 4351
16 5505023
28 8824737
4 1471
21 10874433
8 5631
18 16173430
8 16895
29 5166894
11 4625748
4 4543313
8 10270277
8 24063
2 195
17 8182595
14 163839
25 58113
16 1048575
16 2031615
8 7679193
16 10665472
2 9711079
19 14155775
14 1245183
7 9836537
27 2698186
12 397311
18 8085541
30 11731717
29 8177665
13 32767
15 1572863
14 1032191
20 14800931
30 12560738
2 91
20 9352986
8 5887
27 5515963
8 6143
11 15809487
30 15256001
12 122879
10 70655
14 1228799
13 598015
5 7311495
21 12708732
26 12928469
28 2639172
8 12799
18 10580634
18 3147681
30 91182
26 2193025
16 393215
10 9084563
18 15063978
19 11224969
3 735
11 7910179
21 69820
12 272108
2 227
8 7935
7 9343
23 11532447
17 7077887
14 1833491
26 15977068
2 23
26 8745304
29 4260492
5 351
22 3446447
26 12518238
13 794623
1 159
9 36863
12 16409981
30 7278929
20 2104420
19 5220085
14 12583365
27 6384477
26 1066883
2 311
23 12174605
16 4259839
10 6149111
19 1355519
3 151
11 163839
29 4615014
20 45088767
2 259
24 2636358
27 16310708
19 2084338
6 2417332
15 1146879
10 4769651
1 87
16 11605560
16 11740423
1 7540895
24 11370087
19 10218470
5 1087
28 236292
21 9251203
5 13453594
11 157695
14 12746846
18 4483689
8 14847
26 13019959
10 21503
19 9437183
1 0
28 10438978
24 8352674
11 110591
16 2326723
2 1967474
5 511
7 2509725
2 11063773
14 1477027
16 4784127
18 10100393
14 7712915
1 163
10 7225307
6 4223
25 9415178
11 7138106
22 8379908
16 8859690
8 8405973
13 131071
7 11489012
22 11336270
9 18431
2 295
22 2709226
26 14212628
2 155
14 9905780
18 13772846
6 4927
1 123
6 15791435
17 1617392
28 9664480
26 8679534
22 3717012
6 5005562
16 4162845
7 7435843
26 16364166
11 139263
14 13917656
8 18687
13 417791
8 9614643
11 13735774
11 15089952
8 18431
2 5377717
19 7340031
27 8912960
29 8972825
19 15908341
9 29183
7 12450734
3 327
30 12206268
1 1
3 10252445
3 11020948
15 1310719
12 196607
14 2025960
24 15954082
29 2804569
2 7
5 3136511
15 3145727
9 13241312
3 3489868
22 1412383
12 86015
24 16777215
6 639
2 3816525
16 3932159
19 18874367
26 13162153
29 6487234
25 2810720
5 2943
11 11965509
6 15944611
4 46
6 1919
7 1279
8 786
19 26738687
13 15261990
5 6611499
9 12496366
16 196607
11 145407
8 15816538
19 13013100
9 27135
14 2423770
2 12314024
28 15878548
21 195969
4 3553177
3 980467
16 5636095
12 1592543
27 14651061
3 2236634
22 9530733
30 10354426
28 864165
5 1599
2 111
3 10229557
11 13690061
4 21
20 63963135
18 16357672
9 13311
8 19711
10 1201914
15 851967
6 2367
9 34303
4 11317473
2 3908263
25 3100985
14 9454808
2 8094849
9 50687
12 3322234
24 9332494
17 5505023
19 9460391
28 10960215
27 12015833
19 15155972
25 7368675
25 13025396
26 12406193
19 9412141
2 8738172
27 985807
1 7971926
29 4976158
12 5335753
2 3841448
10 100
22 15580626
19 11534335
17 6298250
7 12287
7 2796751
4 1199
18 20447231
16 65535
13 7983740
21 98566143
13 630783
6 12548386
15 3659622
5 831
4 10334766
8 8191
19 6291455
28 1118397
28 16677147
13 7746137
5 9097387
15 2686975
29 8142611
16 9775785
25 9035479
3 15533660
17 11534335
29 15190960
8 13206971
28 16304403
25 12014016
4 415
7 9983
2 27
20 9765752
14 1048575
17 7728452
19 18350079
5 1823
11 2761807
20 14578125
13 73727
11 147455
5 12387379
22 37748735
5 6058565
15 2752511
29 3534817
8 14409860
12 229375
3 95
1 31
6 100
1 1629622
4 0
26 12878444
21 13319071
2 2906285
19 3878024
20 81788927
5 3007
7 5375
6 3327
15 14219080
24 1738666
5 15010757
20 22020095
23 2565175
1 71
5 7289923
28 15953007
2 119
6 14406294
19 672549
27 13346114
20 76546047
11 18431
12 13805665
9 36351
10 11293331
4 837735
27 9675261
28 14970608
7 4991
15 786431
2 71
20 31457279
10 45055
18 2883583
20 71303167
2 39
5 2335
5 13907595
4 1071
11 4309940
18 8137931
14 12037861
22 11797507
13 737279
21 73400319
16 5111807
9 50175
5 639
25 15983400
23 3394197
15 2392063
24 13023380
20 80740351
8 20479
6 3839
13 770047
27 777878
4 14653452
4 6102334
10 13311
13 360447
30 5268957
2 211
10 75775
24 13719492
8 24319
27 14164688
16 1888824
2 231
13 729087
15 10898523
3 6878847
8 9645661
27 2654393
16 3866623
2 11
3 183
4 9511532
5 14258216
13 7508869
18 786431
21 599725
5 5455566
7 1452843
17 7208959
13 696319
4 911
18 43999
11 9907241
13 14277534
16 4325375
1 113
11 5325609
8 3734648
4 12586808
20 30408703
14 1567137
5 2431
9 5119
16 14553715
30 7530970
20 1834499
12 4393674
12 3337745
23 5601193
24 50331647
30 1668709
16 1179647
9 47615
16 9315439
7 2943
18 17825791
15 11540399
6 8782970
2 10701953
1 12325922
15 5643035
29 2297844
5 2399
9 16592200
23 4632522
15 589823
21 13616044
18 10485759
10 78847
21 27262975
2 12897169
17 14014811
1 10478908
5 10439019
15 2916351
15 4907617
13 3446803
24 5800775
28 7952346
4 10936522
15 16627727
8 9276070
30 5052774
9 24575
7 13631977
26 1818655
12 5393498
11 131071
10 1363401
5 10645609
13 385023
19 13090973
15 13558996
8 15615
26 16513209
10 51199
24 2922958
17 13316973
12 5105225
26 16777108
12 192511
30 6792494
14 1322403
3 1503901
18 11274572
6 8095433
19 1091584
9 5978662
4 47
5 671
25 15156429
17 131071
12 12016550
26 6181652
8 6655
22 4636275
8 9710215
6 4120206
15 13664254
7 7807
5 16475871
10 4335454
14 1146879
30 8170799
2 13175922
2 16258305
28 8656557
20 91226111
26 6639658
3 639
4 399
9 16514874
17 3463173
11 8321044
4 16668959
20 2117651
25 67108863
18 7920512
8 15103
2 139
7 11647
24 11136959
22 16777215
15 2162687
3 263
13 9618690
16 12150143
6 14544544
21 3477189
22 6335020
11 16383
4 175
6 1279
19 51380223
5 1023
5 12308368
6 1855
2 199
17 16447985
23 4805264
10 54271
4 1359
18 10223615
14 557055
14 11129898
1 151
30 9990568
21 14680063
27 13095839
5 1100237
21 16129720
25 16216406
9 6765202
4 431
17 2256032
22 11795993
21 88080383
16 3211263
25 15558630
18 5011328
6 2991610
14 10314315
4 991
1 13185756
28 16460270
3 1807548
5 6888
5 15202909
3 6695154
5 2271
11 4144518
5 415
11 4242705
9 43007
10 12832413
12 14570595
18 1835007
3 587434
3 439
19 26214399
11 92159
20 37748735
15 4349275
5 156907
21 4977912
14 1310719
2 135
3 13581208
23 13128718
3 687
7 12671
5 1407
21 3121040
17 1966079
23 67108863
2 754823
13 3918440
21 23068671
6 292873
9 5123896
14 7077304
12 3361354
10 3071
3 783
10 60415
4 15962329
16 13676155
20 94371839
12 348159
12 3336778
1 8519238
23 5590447
15 14920707
23 2603855
16 1376255
4 9104215
26 3350810
7 8280948
6 1407
15 16586064
14 7696911
16 7749226
1 5303131
9 1023
3 535
21 6684658
14 7079558
3 703
21 13987587
11 13240859
17 4135175
30 2862662
19 38273023
15 1703935
10 39935
13 245759
12 12344125
15 983039
12 14015840
29 14274156
6 255
29 6799257
4 240760
6 5525436
2 10852182
3 383
2 351
10 8805998
17 2143722
11 51199
27 15764699
5 10698098
14 2768495
17 5111807
8 5119
10 3026966
6 9133227
16 3473407
14 7175649
8 22271
5 799
1 8873336
8 7255139
2 7
1 7843840
18 14515332
12 13670322
4 25
6 8598916
20 44040191
6 4543
9 38399
3 759
14 458751
6 4479
20 8388607
22 3873772
28 15271066
25 14064764
19 14501022
4 15
12 13913240
18 7713748
5 1119
8 3039380
28 1682359
14 1425407
23 2409566
20 8277860
18 8731726
6 9215071
9 6964835
8 12543
26 263389
13 1172834
8 15359
18 11162504
8 9727
10 11263
25 7661645
2 395
1 8352483
20 25165823
14 15648380
20 10818157
4 239
19 11295585
8 1567191
7 1535
11 10285201
15 1409023
15 2097151
4 975
18 16326690
16 6094847
5 959
28 13409860
27 8328716
20 99614719
12 14972337
7 1469093
30 3109202
15 131071
1 165
15 1900543
13 57343
20 8294771
1 1648611
17 10616831
14 16600766
1 13049783
25 2105119
9 3583
14 9258103
4 31
6 12244177
13 540671
19 12582911
6 3647
16 6159225
28 3603702
19 14049532
12 24575
20 3768888
21 7815410
17 6553599
28 7276068
30 15337479
19 37748735
11 47103
25 3409059
3 215
16 5767167
26 14235169
29 13673124
26 9219392
22 7683278
28 14881256
12 36863
8 511
11 169983
13 679935
13 600078
11 120831
1 1636512
9 17919
20 3543989
16 524287
12 294911
4 549204
14 311295
26 8680376
19 42991615
7 7167
5 7011988
12 266239
25 8733047
27 13221557
13 16383
19 2907502
17 4456447
21 3796922
11 7374591
23 16526515
8 3583
20 85983231
15 327679
12 356351
27 735134
11 77823
10 97279
6 739440
28 4882947
15 14346512
17 5480779
5 1311
24 6899295
30 7691104
15 425983
13 1095395
20 78643199
3 9495212
19 1889918
16 3670015
15 10987388
17 6291455
30 11147421
17 3879788
9 46591
17 4331812
18 2298056
14 4533346
21 9879196
23 3204172
25 13529786
28 5750137
15 9963857
19 17825791
21 48234495
14 1277951
25 12056719
17 16085657
6 4735
1 83
1 7594203
30 9591672
9 1531145
25 855326
18 15061082
2 167
7 16225861
5 8306916
10 8563120
19 33554431
12 368639
1 177
9 4330395
15 2490367
24 12501791
3 14935624
2 8
4 1503
14 15058562
8 1703012
18 7986992
3 10636554
11 11982841
8 10700613
8 10239
9 23551
10 14695700
19 42467327
3 12156134
10 5867209
19 6815743
11 96255
19 34078719
3 4094806
8 10628738
25 1315786
5 63
4 3091708
7 5317455
18 4980735
5 1791
21 41943039
16 2752511
30 15241843
2 1280413
12 303103
20 4195182
16 6029311
20 13027149
2 43
29 5775572
29 6858311
5 1659450
10 49151
30 5571833
19 16101369
20 14521264
5 12773843
13 2195166
23 8322747
6 15391302
30 14409380
2 279
6 3519
8 5344614
12 6267227
27 10452001
25 15953207
20 5254406
6 895
6 13574366
28 6471263
14 393215
22 16515258
21 10060364
10 36863
8 11720109
16 14801314
20 5357116
29 10567306
25 11750388
6 959
19 33030143
16 1114111
19 347423
20 2628348
18 12573802
4 11031383
9 15271752
3 10794460
9 5171524
17 10092543
2 12459139
20 10881939
7 8447
15 5445739
5 1343
27 16469144
14 1622015
13 753663
30 15259358
7 16771372
3 615
3 655
19 2956324
14 2606112
11 13400061
1 13275156
21 14322230
22 15784625
4 527
9 49151
9 35327
15 16594921
12 290815
20 42991615
21 8242392
2 67
20 41943039
5 2303
20 12582911
20 19922943
10 74751
3 111
4 767
5 543
4 1023
10 89087
18 12422495
21 1102004
1 47
15 2883583
8 10748982
13 15491474
19 15235533
30 1665265
3 9
7 6271
18 11272191
16 2883583
11 88063
23 13089370
4 15931242
13 6660462
16 4521983
8 3824402
19 40894463
25 14176830
26 16524784
17 11141119
30 2127438
23 430618
8 24831
26 10651040
4 5
2 8907893
22 50331647
6 13870888
5 1887
11 79871
6 6015
2 5702912
18 511790
16 12435756
24 13425782
6 9335241
13 8769935
16 2166755
12 4831337
6 6335
3 743
2 7694947
3 23
7 11591660
10 90111
1 131
14 344063
8 24575
13 12015969
18 9398541
14 917503
6 16148365
16 3637109
18 9393564
2 1268774
4 11188395
5 11226926
4 16759172
18 6554107
12 98303
24 12863110
3 423
11 4095
17 11927551
12 241663
17 6796260
15 1179647
19 41418751
12 9976386
19 3078612
16 8235792
5 3781169
20 3943438
7 16347680
5 1183
4 7
11 10811456
21 11813158
13 3511099
25 1530926
4 3354405
1 4576046
22 54525951
8 14335
6 6207
12 6018447
11 98303
26 4700766
11 8191
17 16437510
4 12528056
19 50855935
15 622591
9 33791
3 519
22 15500379
9 30207
29 16049270
13 15586421
1 6100167
24 33554431
30 8779035
5 9904168
23 13918030
11 2369053
24 8798910
20 14688082
18 6118560
5 2719
19 4885066
24 1492352
20 39845887
10 1809427
6 8141254
26 3217398
21 10096979
11 5905218
5 16581771
17 6946815
13 229375
23 11508941
3 4096134
24 7105067
4 1039
14 5534661
4 2556676
14 360447
18 2097151
17 9961471
21 3278974
27 2415617
21 94371839
13 4830079
21 12563380
5 607
5 5496652
18 3806185
17 786431
18 11481793
1 95
15 65535
20 9528131
22 1636088
1 119
21 3307823
20 3241648
4 16083259
5 990585
10 19455
4 5703762
6 4068097
27 1708936
26 4473908
14 13996556
6 3391
18 15627304
25 4628564
1 105
3 431
9 7865446
16 14570577
13 13776254
24 2313140
23 3289858
14 294911
18 21233663
14 16524339
3 487
15 262143
19 31981567
13 40959
4 47
7 6527
1 5596760
18 25165823
18 12579068
5 10951628
6 1215
3 3
8 4607
17 12451839
17 4849663
13 49151
12 323583
24 14762014
3 13926938
11 4890144
25 14301086
15 2991611
13 9256349
15 1802239
30 6971371
19 19398655
6 511
5 7250752
3 55
3 9727291
17 14559573
4 15828607
6 3583
19 12787114
19 5037770
1 181
13 15617805
12 376831
9 15677946
17 11272191
16 2673020
18 13016820
30 11562757
22 8471756
16 3740949
11 20479
7 2303
6 1440006
3 607
7 4847886
27 15391329
20 11726972
8 7167
13 434175
18 20971519
14 5070490
18 16515071
5 12201661
9 8964933
14 626571
10 11307155
2 339
9 10059160
5 7645216
13 3663974
8 14732029
4 13655037
8 10268427
12 15843028
11 15032819
11 14950801
11 45055
4 6758940
3 255
16 4497698
18 12058623
10 12146289
4 1183
13 4248324
21 1212160
6 15532658
7 1151
6 1832632
16 8205547
10 2123642
16 5963775
23 8151202
13 65535
29 13924066
13 12912004
14 13224327
4 5796543
20 9672953
4 63
25 13209495
9 48127
20 47185919
4 39
14 327679
18 12320767
23 7953234
30 14648129
12 529253
6 2239
11 112639
17 3276799
2 9549558
3 399
3 15
23 12290448
15 9923331
18 9683962
11 9300808
29 771569
9 15871
19 6852052
8 767
12 139263
4 223
18 19136511
4 31
6 4607
7 1023
7 3455
15 2654207
11 8529022
20 54525951
16 1245183
4 17
15 263813
13 319487
16 2818047
6 5823
23 15613773
14 16383
13 1490882
12 10702290
21 7324679
10 77823
19 23592959
3 711
15 14646867
6 5631
18 11027059
23 25165823
10 2047
15 7644273
6 767
10 13315352
7 2175
24 12218773
26 1391133
6 2687
24 3484703
10 37887
11 151551
2 323
8 2559
4 927
25 4155469
10 10239
25 1916233
30 227473
6 6153594
5 1855
5 2239
1 3
8 4351
1 39
12 5170009
5 2559
15 16098153
2 271
22 4258143
9 10751
3 14363667
5 2463
9 11271617
21 81788927
12 73727
22 8066922
17 1455451
18 18350079
5 4186372
8 1279
7 3199
19 2097151
9 14847
5 8918875
3 63
6 8408366
17 10485759
24 10215359
16 5373951
13 368639
8 22783
16 1835007
6 5887
7 11632823
4 16011632
9 7437237
14 1556479
15 491519
6 4159
15 3112959
24 10073131
24 11350691
20 10995252
29 12463918
5 13045452
3 159
30 15959611
23 9721222
9 14335
20 12885125
29 498564
11 149503
14 1196031
15 720895
12 405503
9 85164
9 8703
12 335871
11 4740352
28 11980463
3 223
2 83
16 4980735
5 16522951
11 49084
16 10014303
13 13153702
16 8008795
2 87
5 3567592
17 8654276
13 622591
4 3599115
30 9926181
20 6511375
19 6841543
3 24
4 3
26 11287413
21 37748735
25 5418364
22 8531716
5 13546078
8 7679
11 1157928
19 4085716
12 380927
6 13141291
21 11238853
12 106495
12 16698335
14 1540095
2 14372805
16 13682641
26 14924225
4 655
14 196607
10 58367
3 4913804
3 407
14 5260323
29 13669982
16 2876279
13 9909174
29 7337370
23 10573725
8 8317592
5 2015
14 13015214
6 13638227
20 7684768
1 59
6 9361994
7 13124183
26 2783915
14 4437568
10 1235438
2 103
23 12262929
1 97
15 5992705
14 933887
23 58720255
10 92159
1 161
4 8469898
16 6291455
5 255
8 13055
2 10
28 10131202
7 10528002
4 1375
8 3071
6 14605235
12 15569258
22 96468991
18 11411520
3 13140032
3 343
9 10288696
18 817696
22 2274760
20 4194303
12 278527
16 16643158
15 2719743
1 6804
21 13746815
9 2177522
15 9164527
19 36175871
15 1474559
27 15150855
15 2850815
25 15216336
5 11749103
20 5878068
29 5819109
13 303103
11 1478578
6 13200563
4 10836219
1 9698137
27 15951751
23 2845283
11 63487
15 2260991
21 12019781
18 4007629
23 12925279
8 8973253
24 8321119
16 986384
18 7864319
20 8388920
6 8049324
12 12688007
10 7790554
24 14897572
20 7604418
26 11934554
3 5631018
8 9800108
1 41
2 183
7 14775722
7 14784614
21 11928914
5 1055
21 2651055
18 5297452
15 13019213
12 307199
12 7995763
5 2345691
2 287
4 2537218
8 3839
4 511
10 72703
14 1458175
13 2412860
3 415
6 5951
12 6783380
25 13967949
17 9699327
16 5657406
24 1308084
2 335
18 24641535
13 14814895
11 83967
8 7941405
17 7340031
12 9736963
25 1348620
15 458751
29 11754452
19 6873400
24 424611
10 25599
3 103
1 4378231
23 2429192
12 3933271
12 10689789
28 14375150
18 7077887
27 1658555
23 5868351
8 7878575
29 1090131
10 1503389
22 10887165
8 6399
5 1655621
17 5767167
26 10739069
25 6073241
26 601424
8 15871
14 999423
12 2236844
17 13719519
24 12918498
23 1844737
8 6269053
11 75775
4 1327
15 9917190
4 1487
10 68607
22 41943039
15 2359295
16 7869353
19 48758783
1 69
3 6615711
1 7466418
20 2354665
30 13658981
6 191
4 1295
19 16252927
1 1402234
5 9617717
11 114687
5 2496663
6 666852
11 155647
15 5824987
13 6311477
6 4481771
30 9323073
27 7412199
9 2047
21 4324975
11 108543
19 46661631
22 10123558
1 67
20 18874367
18 15886759
19 47710207
16 8018553
2 1092680
17 11403263
15 753663
10 13017432
3 13979422
5 2623
30 530989
7 10509463
9 31231
6 5055
9 12287
7 2730605
20 1981832
30 14338615
12 208895
11 106495
10 38911
7 14615046
9 6241694
7 10623
24 10430293
7 6783
16 3080191
16 7254165
3 11490294
9 11722459
1 13138224
1 15184998
15 32767
6 3455
20 32505855
6 887959
11 174079
25 13399682
3 319
13 14938773
5 2047
23 11932320
30 5464531
14 11050471
20 4699290
18 17563647
29 595914
21 29360127
12 6185845
3 175
5 2911
4 6803479
4 14933905
24 1036170
26 8659375
4 367
7 1701973
19 9683478
27 1505573
7 4607
7 10367
9 16697936
17 3801087
11 176127
12 245759
26 7879851
2 267
16 9266331
1 99
28 16267011
4 15878988
25 8795291
27 15202278
24 6983757
15 1048575
20 14380473
4 1407
4 1167
5 1104789
9 12458151
14 8063384
18 11796479
4 1391
6 3071
18 9437183
15 5126438
4 7569153
9 6143
21 11438673
26 11776836
1 10829081
4 2989825
26 10700821
19 13391545
6 2047
26 1372086
20 33554431
17 2939774
30 12109740
17 8257535
15 15741180
11 3711893
5 2655
4 1055
8 7433021
19 4705452
13 663551
15 688127
1 57
6 4991
16 720895
20 40894463
8 8447
6 4671
7 2559
18 9156743
23 16764485
1 129
21 71303167
29 11339972
14 1376255
5 3167
4 831
8 21247
16 5898243
5 2527
10 2514464
2 235
6 11259783
13 294911
19 12902928
14 9460920
9 7167
9 3746993
2 11379498
12 13448660
22 92274687
6 1303004
8 12287
7 7156171
27 8833582
2 4792334
25 5617925
1 4
11 32767
6 588098
4 5456052
3 3702276
10 87039
20 11833765
20 9816594
15 10332109
11 22527
8 23295
8 11182963
16 851967
14 16557728
2 13317630
30 508752
14 14836390
27 16362087
20 84934655
17 5636095
8 13311
6 7225014
17 1310719
14 13423943
27 16727763
19 5543799
1 5076452
20 83886079
24 7740501
6 15884995
21 79691775
28 12333725
10 2297742
12 7070618
19 7126520
11 6509494
14 65535
3 3196083
17 3145727
21 7109729
20 67108863
16 4932346
25 10820365
12 7941693
19 2921513
4 6
6 3937801
30 1219053
14 1993501
12 151551
13 172031
18 17039359
16 917503
7 8311566
21 14790975
16 16395155
8 16365908
15 12536448
20 34603007
19 35651583
18 3932159
30 10432455
22 16717516
6 1023
18 13107199
16 2027256
27 2398282
28 16584386
10 27647
25 2811019
21 1187379
16 2422837
14 753663
22 13155723
15 393215
7 13192363
22 3538028
18 12845055
30 8247188
16 2490367
16 3407871
26 14433375
4 623
11 7533310
2 7384602
1 12434719
10 29695
28 15775135
25 16436064
4 671
25 14848074
24 12607055
16 11618015
16 9806089
11 188415
26 13551368
19 10832930
9 1242482
1 8241199
18 8403669
10 94207
7 10111
8 19967
27 7778960
30 5725420
2 4504347
8 12449148
28 11400499
13 7759104
5 3071
12 180223
9 11585933
4 319
4 41
5 879113
4 13434768
4 1551
18 1572863
14 524287
4 8844037
27 5349333
6 15465431
19 12258718
30 4092047
6 5567
12 94207
3 271
17 12058623
5 2783
24 15864695
10 22527
15 2588671
4 11
14 622591
4 762592
28 13475907
5 2367
13 58016
3 647
14 671743
25 12421785
18 15375908
6 6271
16 1572863
23 6656930
18 13662549
13 90111
9 7169369
2 7590076
1 5191428
20 50331647
21 4678481
25 14884695
28 11379293
4 159
2 12594310
8 11007
4 255
7 9413032
12 582443
19 5242879
12 339967
24 5548240
8 22527
1 10105156
15 2064383
2 9225604
16 3088118
9 47103
12 5890624
19 8645848
28 9409190
22 12551563
2 283
17 6684671
4 559
18 6139966
27 7644388
20 74448895
4 6843250
10 64511
11 11707950
19 39845887
13 8428894
30 100000000
6 4480912
12 45055
9 25087
7 11306778
23 8699236
6 5762361
13 1056072
19 2503135
21 2530814
3 11127514
18 16706236
16 1310719
13 7979786
9 28159
1 43
7 1919
3 8573803
12 5823637
16 9731597
1 55
12 364543
20 10153965
25 3597405
18 262143
19 1572863
11 9448638
8 870215
1 81
7 11003849
27 7736077
14 507903
19 8092495
17 1660379
10 56319
7 987515
2 223
30 10287817
9 1214360
16 131071
19 10550177
8 1023
20 48234495
27 9366498
29 3349021
1 6357995
13 11145376
4 11250835
8 8268529
24 15691659
19 13498880
14 4507773
10 66559
29 14721971
3 495
2 12159866
10 8098435
7 12543
3 14061548
6 2329620
8 16708628
24 8939672
4 895
27 10278390
14 606207
7 12031
9 10333075
23 8104788
28 2564830
20 6732393
30 10880201
6 5439
7 11007
22 12582911
19 36700159
2 1
16 6225919
13 13060437
13 376831
21 14698018
19 31457279
12 184319
30 8201434
18 4194303
18 3342021
5 95
29 12434097
13 188415
7 7763151
9 14551239
23 929636
5 127
12 77823
2 4
16 2942943
30 176226
3 21
21 16777215
18 3053680
6 3263
8 2366446
7 13102791
3 12916137
2 319
10 24575
22 15700986
9 48639
30 10054429
8 7001401
11 14110308
19 16777215
1 173
16 4718591
8 5200281
14 12189898
3 22
4 2
3 4380559
6 5236501
3 11110519
29 15821774
23 14684447
4 607
20 15755838
1 171
12 200703
6 259105
9 9671718
16 14120663
27 11996465
6 2943
24 15262370
7 9727
18 18874367
14 884735
17 1703935
3 375
3 303
7 1407
1 11335683
18 21757951
10 48127
10 1159536
10 14650148
19 10935074
1 19
7 7370867
9 3923299
15 3173328
30 1385411
21 15073847
29 3997674
27 12845396
16 4126679
4 5105062
19 13106679
17 2484319
19 10970284
13 13297054
3 10954550
6 319
18 22282239
1 65
7 5420370
14 376831
15 12576897
6 9343360
11 9707508
2 3875468
30 12030966
17 2119260
7 7551
20 5730085
1 8863676
10 14335
4 34
15 2228223
28 8543038
16 5177343
11 192511
17 1572863
13 204799
12 344063
3 9448274
16 2293759
28 13753758
14 262143
16 536939
8 8959
6 2879
27 13908112
9 13823
19 3670015
22 10827756
2 7301709
4 1279
14 1064959
26 13962415
2 12814630
30 8651035
1 195
6 2413886
17 4980735
6 6733117
24 824809
28 11337211
18 4769582
13 7594729
12 10632289
15 11479281
12 9980559
23 11058635
21 31457279
16 4849663
14 5530476
23 16009806
9 37887
5 12678424
4 9707881
27 6711684
8 7423
3 279
12 2424011
5 7652951
24 1344955
4 1567
22 2335745
17 4063231
4 1103
24 11788878
12 163839
26 7493453
21 2397275
7 15421206
9 6614228
5 863
13 1066369
2 379
20 11165142
12 176127
20 7570008
19 13107199
17 737822
24 341373
17 7602175
4 8825854
29 11124123
13 9027071
17 9043967
17 15077828
29 9354314
9 15479639
8 10754211
11 61439
12 237567
2 5029393
24 612181
2 4550890
24 10829801
10 79871
21 6407011
12 3949945
19 48234495
22 1076616
15 196607
12 16618999
18 23330815
3 199
6 1535
5 8386662
13 344063
1 157
20 1177111
10 16123141
25 14919348
17 10813120
13 425983
6 703
9 11775
4 1215
13 5674042
7 11903
28 7617055
14 98303
3 7154194
27 15029494
20 16662222
19 4241837
17 12582911
22 33554431
9 32255
25 33554431
1 14327728
16 5832703
1 13594012
23 7383728
30 641371
22 46137343
12 274431
3 47
19 6509339
5 8285114
6 1471
14 13555307
3 3934499
15 859122
27 16771514
18 2420050
10 6587350
6 1663
10 86015
9 736776
2 7888839
23 6592867
18 11946841
13 8718106
25 9166945
11 57343
30 8929141
12 16720105
15 3211263
13 720895
9 26111
14 2855836
21 6291455
7 511
1 193
5 6861513
5 703
6 3007
9 11081783
19 51904511
17 9830399
5 6175108
13 14650328
18 16777215
11 7798217
22 15831859
9 6826549
22 29360127
11 8665400
22 62914559
27 1175918
21 6011725
21 96468991
28 8759697
19 8629389
3 14279087
18 9279669
17 542533
2 51
7 7347441
3 663
30 8562235
3 79
3 1938952
17 12976127
19 13013506
30 7499978
15 2326527
16 10774691
7 6015
5 13215962
19 8912895
12 9726847
23 9636960
10 12411543
12 14059070
15 15549543
15 2637146
1 3676492
6 9679968
16 3145727
12 401407
5 191
15 557055
18 8388607
19 46137343
17 13881319
6 16740289
12 389119
22 7869108
13 491519
29 6492840
18 22806527
15 3080191
18 9798437
17 1822132
12 81919
5 1951
5 2815
10 69631
3 15491758
14 2231894
2 35
12 217087
27 13411933
11 5133990
17 12189695
26 9298395
14 1523711
2 2221307
14 1409023
26 10755547
28 55062
22 9589669
21 15345744
8 10862053
1 4332831
19 5318384
2 14182193
17 2097151
10 81919
19 15450379
6 12349566
1 8567888
13 401407
18 9699327
14 8604330
15 4109816
13 15743725
18 14942207
11 14335
7 12682660
16 5439487
12 131071
18 8650751
29 15527265
12 10403137
5 7431144
3 751
9 15755972
27 4927100
5 1375
25 13088794
4 591
26 8151474
26 8419399
10 33791
7 4863
1 8714997
13 6920309
11 2055025
9 2700822
29 13404104
3 6
11 7730408
17 9435741
7 7679
8 2387788
16 5570559
21 46137343
14 4666821
11 86015
26 12142599
19 5449357
29 6076785
20 5151150
11 11724678
2 5
6 831
13 761855
24 311315
12 69631
8 7716055
21 8960747
1 11
21 25165823
6 3903
16 6356991
7 15354546
18 23855103
15 13908555
1 133
14 770047
15 4146788
1 167
12 270335
18 2019482
28 13186926
11 596041
4 6429767
11 13928173
29 13892339
3 7145319
3 631
23 6672244
19 25690111
15 1992630
10 20479
14 3752331
8 14380747
6 6079
16 6488063
24 11891954
13 638975
20 9437183
3 12047708
10 96255
11 11652871
5 4360851
12 143359
2 175
5 871388
11 94207
26 7026662
17 262143
3 13618215
25 1882493
23 7598482
13 786431
15 949184
15 998116
18 12888351
7 8063
4 351
2 14930978
18 17301503
6 13299116
13 14325307
28 13947283
25 1391164
2 343
27 3006335
11 81919
3 559
16 5046271
18 25690111
27 12824305
5 9179127
10 6422415
25 10416156
26 12499164
21 10746506
17 14475024
1 5787182
13 3990391
6 12397681
2 307
4 3518716
3 5648751
23 13685451
18 1196584
7 5887
2 315
5 7911776
16 14776277
3 143
20 98566143
18 20709375
5 12966578
3 31
15 2621439
13 8994509
16 5242879
7 15058236
9 2402902
11 11788422
9 16383
11 67583
24 12876801
15 163839
6 11991781
1 13072664
22 11196115
28 13995747
4 287
28 12777736
8 23551
5 1670233
2 187
13 14564630
18 19398655
14 16582291
2 6425898
22 6291029
3 207
1 13
11 194559
18 10274589
2 7807937
11 6143
5 2879
10 11810492
16 4194303
17 11665407
17 5898239
14 688127
16 786431
7 2047
7 10495
20 16777215
19 8792560
10 12287
8 4797377
9 5595057
8 19455
27 1310883
9 25599
18 22020095
1 139
21 6573171
22 9790684
5 14859970
20 15426339
12 360447
5 3691782
2 2933160
20 13909527
17 8519679
11 159743
18 1228495
15 1441791
15 10250258
28 11762018
14 1343487
15 1508183
5 10856758
8 16383
25 5962098
25 6055131
6 2815
17 3476524
13 270335
27 9705117
4 735
22 11488204
10 44031
1 5240253
7 3071
12 3002311
14 13671585
7 6399
11 2628638
10 3425666
18 10855844
15 3220036
21 90177535
30 271413
11 7611369
22 8388607
26 9029576
27 10045780
4 47
18 18087935
19 37224447
24 10683051
30 1622637
4 1231
9 5398572
4 15564132
3 12067324
11 2219703
26 15136539
17 8650751
15 1507327
18 19922943
18 6553599
4 12002807
29 14493684
6 1554525
18 11534335
19 15877837
27 2786873
10 57343
1 241210
14 966655
12 262143
22 25165823
11 10239
12 10737062
5 1663
10 80895
13 6714722
21 54525951
27 14555391
13 409599
3 471
28 14419663
1 8837314
12 319487
23 13540336
6 15179714
12 10462290
4 16521391
8 8703
4 8643894
19 38797311
7 5631
5 223
8 12728048
19 14680063
3 1373609
30 2384354
14 14425077
19 1312664
1 3981590
3 5062744
10 10576764
4 1
7 15465855
29 1382257
8 11519
12 6690342
1 191
13 557055
26 9807711
10 43007
18 13369343
3 623
22 237400
13 2903543
24 14191059
5 287
28 10435604
6 4415
25 2324988
22 88080383
7 5759
11 143359
29 7645393
11 6348125
1 5553812
24 15616396
13 15975763
12 167935
9 16895
10 10360987
15 1343487
17 2274060
1 15
13 466943
13 15092773
7 895
20 87031807
3 3130161
5 6807251
30 5268769
15 12363144
9 511
13 3192903
26 15051447
12 233471
2 9
5 1151
8 373676
1 107
26 14239196
23 11131024
18 15033314
9 4878463
30 15222128
20 1048575
24 8660447
11 14140746
4 19
28 13715968
1 11051934
15 598383
3 6340199
11 196607
5 14904007
20 10085024
11 12045213
18 8605577
17 13994700
19 14744
13 286719
30 11805648
30 12617814
4 1423
18 8309697
14 1163263
9 18943
4 12494503
18 22544383
15 2555903
7 7059638
6 6143
19 14523683
9 2486890
10 9320061
26 4900005
13 8905480
10 12857206
7 13742244
10 5625188
20 7253860
15 16387497
4 14519564
25 14358354
17 9517756
9 3071
5 4731776
18 1048575
18 1041304
16 3706440
9 11599220
17 3920295
17 10972779
4 10
2 99
11 167935
18 14155775
16 2097151
25 8457716
19 14106352
8 2639613
10 8688181
28 1578277
26 15503894
21 7896599
19 49807359
3 8400461
14 540671
5 14644889
14 7220935
18 3407871
14 1490943
5 14747384
18 2359295
28 15443083
4 13261692
10 35839
21 7026047
27 6737281
11 5368886
12 10152826
23 13522570
20 92274687
13 671743
18 4456447
13 12573569
16 3285506
29 1405830
25 8582241
18 7602175
26 10539294
7 10751
2 247
23 8298583
13 352255
6 5759
19 44564479
11 90111
4 1708129
14 3920100
27 11618931
13 450559
18 5767167
11 5133618
11 2329688
15 1336171
9 45567
23 83886079
21 14360758
12 221183
8 15022908
17 15830990
6 4095
18 5505023
29 5632317
6 5183
5 8357468
26 11759324
2 13384830
6 4918601
3 16593654
28 1670327
14 1114111
17 5242879
7 12415
3 527
5 1759
1 187
18 13893631
14 1730925
4 14423142
2 5101116
11 6945494
20 49283071
16 4063231
3 543
3 455
18 5573089
13 9509343
27 2489477
1 10150756
12 258047
8 13823
9 14668477
14 1212415
5 767
11 104447
13 1885276
29 5610568
12 282623
7 767
4 8172592
13 5677846
17 7426265
17 1048575
2 255
13 14460569
10 4095
15 2143166
5 1439
10 62463
17 11215041
6 5247
8 2302363
14 2660649
21 11520253
5 2591
30 12489100
19 35127295
4 6439631
20 57671679
11 100351
22 12939388
21 12582911
1 1942612
19 27262975
14 212991
16 1638399
23 4657585
23 3946759
17 9437183
26 10920697
3 10383844
14 2500486
25 8036067
20 23068671
15 655359
19 3145727
12 212991
18 1118583
1 143
10 15354853
21 75497471
11 73727
19 30932991
7 12929902
17 3932159
19 27787263
15 184664
6 2431
6 1170299
4 463
10 9251677
10 15792789
1 179
3 7
7 8825841
9 45055
5 895
30 13009413
4 4098291
1 5106530
13 122879
19 4194303
20 75497471
17 9511058
3 8891416
15 1998847
17 1551787
2 10322406
28 10757352
24 12583559
30 11996794
5 1919
4 273478
23 16088626
12 8754929
15 1736703
20 97517567
2 13020802
9 5534711
20 28311551
7 11775
22 4194303
19 12058623
16 6071363
10 63487
17 7471103
14 2968054
10 95231
11 9911191
9 4095
6 1087
11 6614586
10 53247
20 89128959
2 12833306
18 10747903
17 4325375
23 2774423
14 442367
18 1411942
28 13488902
3 191
19 30408703
8 13838735
12 11332606
4 959
3 575
14 15565895
17 4244116
25 6618720
21 13851210
4 1119
21 60817407
1 189
5 735
20 36700159
21 6891877
6 3711
14 1507327
2 6387287
9 35839
3 7
28 14495780
13 155647
3 5019742
2 331
1 109
7 11391
3 39
25 3949163
20 13631487
10 46079
14 425983
7 8319
20 15728639
16 4517086
16 12733380
23 9539832
11 40959
10 26623
1 2812328
4 4945070
12 4489705
10 9730206
11 124927
1 21
11 12624497
3 482462
21 35651583
16 7302312
18 6443144
15 426763
19 4369539
5 1247
19 12654476
19 1809393
16 9506273
11 1228690
7 3583
15 12189600
10 2317163
19 1702118
5 1631
19 13747863
13 39724
8 14479433
7 10012844
8 5375
4 42
13 589823
5 14741193
9 20991
23 3736778
7 8191
10 101375
11 200703
21 77594623
13 12517053
13 5953129
23 10164483
12 114687
27 1443707
29 7342340
14 16410924
15 13161542
18 12279889
10 9920571
1 10015195
7 11954140
26 9499945
5 2333301
8 8536228
17 655359
3 791
15 819199
13 311295
19 2034309
26 13377097
23 4000442
23 12030058
3 511
19 5767167
18 6029311
27 4785082
2 147
1 301950
29 7200477
11 7630224
7 3967
27 5312555
1 5
4 38
11 198655
22 11372348
13 802815
3 583
25 143757
1 14623533
7 9087
23 10144410
7 9136265
29 2914272
9 33279
12 225279
6 1343
26 2557072
16 7859930
4 26
16 4270919
16 2949119
12 6917351
7 4499523
8 17919
8 7890740
26 4662259
1 149
19 20971519
30 10718244
19 992595
7 6911
30 3158278
19 24641535
20 60817407
7 15619984
10 16383
27 8067846
7 10398138
10 10846808
10 82943
1 1
4 863
10 4432068
4 6595077
6 4334701
15 15022068
11 2649951
10 5119
11 43007
14 851967
2 207
7 5979114
10 84991
9 7805583
15 2129919
12 126975
15 1835007
28 178125
13 3924925
19 5413919
18 15204351
16 2845534
20 4116478
21 12960415
21 20971519
9 17407
8 7547430
3 3300390
19 29360127
20 9952909
28 2945238
10 23551
19 634716
26 623861
3 2626056
17 6149051
15 1966079
4 10828905
4 1439
28 15009754
28 12709925
4 2140627
23 15796194
12 253951
9 487202
28 14613007
7 3327
5 1442939
13 196607
8 25087
19 10744558
4 5156753
17 308853
5 1567
21 12996625
6 12283658
19 29884415
7 6523610
3 295
4 3451311
7 1557905
24 4128389
17 1803839
18 14417919
9 9187420
28 7368094
30 10339375
19 3639566
27 12620382
10 10900274
12 147455
5 6618968
25 16349375
27 8975239
8 5409129
4 1535
19 8388607
3 2
5 2847
21 8786988
20 26214399
21 917289
4 10962992
2 4182011
9 5489240
4 11411360
17 12713983
24 120356
1 3121406
29 13507580
18 9175039
16 5308415
9 41983
2 16535513
24 12089450
5 15172066
9 34815
16 3735551
24 107803
10 31743
15 360447
10 6313117
11 126975
30 12183390
1 9878505
24 12074920
15 1376255
9 6655
18 6120067
13 704511
21 56623103
2 12
1 75
22 75497471
10 16009357
8 12941730
18 7340031
22 10007279
9 7679
1 6
24 18882
21 4036541
8 1962842
28 7640526
7 10529653
21 44040191
22 2964539
22 5121057
16 6422527
4 9640493
5 319
2 2736892
1 111
6 3135
8 17407
5 12944930
2 239
13 180223
17 11712111
3 679
10 28671
16 1900543
12 32767
6 5503
4 30
1 135
20 72351743
15 2424831
26 10074586
1 15334732
8 14394792
7 15177648
11 4324803
5 1503
12 6075275
13 212991
28 4982500
6 63
3 510466
15 437924
7 5119
14 3602753
3 135
20 8082144
5 1471
2 31
5 14280833
17 6901572
16 3538943
19 15204351
18 6291455
11 9318027
9 26623
13 253951
30 683770
20 9828873
21 92274687
4 703
29 100000000
23 13859088
5 5087761
22 71303167
21 3213016
18 13631487
12 7181186
7 11740480
28 12546158
9 46079
4 24
3 231
8 2750926
1 29
3 13701037
15 1933311
15 1671167
16 6160383
4 14130201
3 775
9 21503
19 3146283
14 6010191
14 8144668
17 3965459
13 98303
27 4611998
3 13
4 79
5 1727
10 1023
6 2175
5 1983
2 95
7 11135
3 10504229
16 4653055
4 1135
8 4095
15 3047423
19 4718591
10 59391
9 5743707
12 204799
1 63
13 2176632
21 4753341
15 3244031
4 495
23 8838690
15 1605631
7 11159508
14 8155317
26 3646920
10 596776
3 19
17 4194303
15 884735
20 2733215
4 29
11 102399
19 6780273
7 6655
14 983039
7 639
5 7443393
8 2745705
23 41943039
8 11775
14 180223
13 335871
8 18943
10 8191
26 6174630
28 10681321
22 15656097
30 11301940
23 1541677
1 121
7 692497
2 2
4 3575123
17 5251093
18 24903679
16 2162687
17 2490367
27 4994423
27 1568342
15 14014775
2 16260641
8 4863
17 917503
21 1250402
10 1415832
18 3968332
26 2229323
4 2319256
8 8087851
22 1920303
10 5482868
23 92274687
1 14449670
30 964635
14 1605631
6 1710489
5 2175
13 581631
14 1261567
12 15630331
9 5770681
6 575
25 12000457
15 2558823
22 5575305
9 19455
16 4390911
8 10751
26 15904351
28 15649113
22 10582617
13 10193842
10 71679
16 1441791
9 8387864
7 8911125
5 5490889
16 4587519
20 11534335
2 9556308
4 45
4 1007
2 359
1 147
3 599
2 15229518
30 12813830
12 49151
2 391
7 6619493
18 19660799
17 8781823
2 4633707
7 14737392
9 11014241
5 14840176
3 11
10 5180398
4 43
12 7722710
17 2359295
3 23
18 15567004
22 20971519
21 83886079
12 172031
29 4099126
4 2682443
3 127
2 9273398
3 767
5 447
7 4221720
10 11440280
16 2434744
2 641977
8 22015
22 3728312
21 10560916
21 3655056
1 1582424
13 16046874
18 6815743
16 5898239
29 2654220
27 8059291
10 47103
12 4095
10 1895226
29 7728365
9 37375
18 24379391
22 1706835
2 12024331
16 10700021
23 3911085
22 83886079
1 125
28 5729123
23 11243282
4 143
4 36
4 1247
17 2366731
5 3109906
9 11180545
19 3176609
2 123
2 6
6 1599
24 15628279
19 28311551
17 13044369
22 58720255
13 278527
22 1508500
3 4935191
19 16085213
4 1583
15 8036537
11 13558419
4 575
29 513947
29 3852920
4 111
30 3083070
15 3178495
8 14845765
21 812686
20 10051549
20 51380223
3 351
19 11611115
12 135167
17 12062879
16 12483190
10 32767
12 311295
10 17407
8 13817500
14 15261276
10 7947733
4 40
9 38911
13 532479
14 131071
7 1791
26 10017902
9 12280199
6 8166025
1 127
11 1377785
4 383
11 116735
20 66060287
4 479
18 1462199
26 3032392
28 6719881
14 868351
3 8726136
15 9714368
18 3670015
21 594264
6 1983
10 34815
4 207
1 25
26 4303163
9 32767
18 2621439
20 17825791
14 802815
13 5642483
1 3484834
23 15810646
5 10297976
11 6300918
5 15084162
29 379078
17 2955798
14 1081343
21 10485759
11 184319
19 15728639
4 6425787
1 14193694
12 881294
8 17663
21 3371329
1 77
3 287
5 2975
14 589823
9 5547328
18 8827717
14 1097727
8 2303
13 14423114
2 15005516
24 11986174
1 197
29 9235754
20 6291455
1 93
21 12182678
22 7100274
25 3157489
19 11027731
6 1791
8 6949806
27 11277275
10 15359
24 8959455
13 606207
4 4698325
5 3039
16 51213
17 1835007
3 119
8 20991
3 503
2 16586287
4 28
18 847281
4 751
13 9542108
9 4607
6 499850
20 27262975
10 6605963
1 79
9 44031
20 7340031
9 5148966
16 14764292
3 4933452
21 67108863
9 1535
2 19
21 16771016
26 9984146
21 65011711
13 458751
1 33
14 835583
2 275
6 11601868
5 1215
1 141
27 13623194
5 1695
16 5567448
27 2331047
9 16685101
30 13842797
16 13129806
11 36863
14 655359
15 2031615
24 5163410
1 16169432
19 4167377
19 23068671
12 299007
25 15080740
17 14538464
18 3145727
10 947254
17 3965714
13 565247
18 15169742
7 2815
12 6689034
15 2293759
2 11
24 67108863
29 16117329
21 10395510
10 11857305
12 3224813
23 16433910
8 14591
1 7979939
9 22015
2 303
4 4
8 255
5 5076801
4 32
17 1179647
24 15712977
16 16158004
20 6038283
10 50175
18 23592959
4 543
26 1454104
27 2838314
14 16280901
9 22527
16 15380016
20 8199580
20 10190257
24 8649188
8 14417141
5 991
2 3
1 3
5 3965003
7 7295
13 8268871
8 6911
24 14789467
3 359
27 2460229
16 3342335
4 639
5 16663166
18 4718591
3 5512901
8 13567
22 9077725
28 2449342
6 2559
17 943269
17 3538943
3 233285
17 5373951
16 3014655
30 8830020
13 1689625
15 4459691
21 33554431
1 11238577
9 9727
7 2783707
27 3858487
2 15
20 11490597
17 7995391
14 14295198
15 11460488
22 11389690
20 59768831
16 9225695
14 720895
2 115
2 251
18 15658361
18 25427967
19 41943039
14 786431
13 712703
23 6050036
16 1966079
26 10610401
14 1327103
2 55
20 9255672
5 575
11 178175
4 719
7 2431
13 9348100
8 10963492
4 2753173
20 52428799
25 16142282
22 14290602
4 14
17 6029311
23 1100950
10 7949120
20 9449982
4 1311
7 13518895
6 4031
13 8191
6 2832481
23 33554431
26 8389698
30 2435625
18 14957037
7 7935
17 8685811
9 41471
21 1020662
17 15418780
9 5316435
27 12375065
30 4304755
19 44040191
3 38129
4 48
9 43519
19 10952686
18 8230581
14 9163242
4 22
16 15182893
17 2228223
14 49151
13 499711
18 10551051
30 1562591
14 245759
20 68157439
20 55574527
1 37
10 8241640
16 10728330
24 9736891
18 24117247
9 42495
9 13222922
18 2375696
20 62914559
5 12701783
27 13367886
17 12492300
30 12573219
20 88080383
29 1599553
1 6974265
10 7255333
11 24575
14 14204129
15 98303
5 479
9 24063
23 10794055
6 10659677
13 516095
4 10501935
11 7523286
1 137
12 2242060
4 9888944
14 12230559
14 8910778
4 12
13 655359
9 20479
17 2621439
10 73727
10 3098080
3 14
9 2908713
18 1310719
4 8
13 1154499
13 2035390
4 15
2 215
12 8043921
2 163
9 28671
1 10913423
26 15617199
5 927
2 151
14 11885678
8 6002786
9 23039
6 3676808
15 8663664
20 10960638
17 4731438
17 5843622
18 16153110
23 75497471
29 2735091
3 18
1 2
11 141311
13 16050
12 4050270
20 77594623
19 32505855
14 12411510
1 103
22 4351089
1 11241138
1 101
7 14181030
18 7752164
17 8225162
10 1992034
9 2518240
14 32767
4 95
6 9567320
26 67108863
9 2471264
16 2621439
15 11121287
1 15942589
12 8018852
14 985212
1 13615777
3 4916005
5 9066217
22 16141782
29 5384023
4 33
4 13897019
15 2949119
15 4442481
19 45088767
1 73
23 2630689
1 4197832
8 9215
22 3165640
8 9983
8 21759
5 159
1 8441424
21 16291648
21 10547063
10 16446957
21 1416181
11 69631
19 43515903
25 3002897
2 317269
7 13037456
7 3805264
25 16468404
9 16137050
5 3103
29 6643611
10 9215
7 7423
27 1974162
18 8312172
24 10182928
29 9358454
27 15628828
8 14079
11 53247
7 11210121
24 12725366
30 9839688
1 3691892
21 50331647
29 4465994
20 10545867
3 367
11 34815
18 8126463
15 10939593
7 4979985
16 4915199
10 91135
3 8
