5000
10 90
1 21
9 38
6 32
1 95
10 75
1 81
4 40
1 46
5 53
9 16
4 16
2 12
9 32
3 96
9 50
2 84
10 14
8 80
3 65
5 97
10 4
2 54
8 16
4 97
3 19
8 56
1 77
9 73
6 35
5 95
4 66
4 67
5 3
4 23
8 69
3 40
2 0
6 90
4 30
6 49
6 95
6 48
8 99
9 20
8 0
8 75
2 18
4 17
4 83
10 86
3 37
3 20
7 30
6 96
3 23
1 18
3 6
8 3
10 29
1 45
8 74
2 31
6 58
7 85
7 74
4 88
10 100
8 9
10 10
10 34
10 50
6 45
1 69
4 19
4 40
4 73
3 52
6 30
4 68
10 20
4 59
8 65
7 21
7 95
2 17
7 30
1 30
1 4
4 98
1 64
7 42
1 5
10 12
5 32
6 94
2 61
5 55
6 47
7 68
7 12
2 53
3 22
5 37
8 77
3 61
3 40
5 90
3 32
2 1
3 1
1 62
3 62
8 96
8 25
2 6
6 80
10 38
5 23
7 16
2 65
6 34
7 32
4 65
7 21
6 64
2 89
6 57
8 48
10 8
9 40
7 20
9 19
2 75
10 9
4 68
5 97
3 96
3 57
4 64
3 60
5 30
1 40
3 45
3 7
7 16
3 14
6 99
8 9
3 35
5 55
2 86
5 35
4 76
10 43
5 69
4 45
2 32
10 6
1 84
10 18
10 54
9 87
6 2
7 17
9 6
7 28
4 80
9 22
9 27
8 82
5 70
4 3
2 39
9 95
9 5
6 91
1 70
10 14
5 19
1 9
1 61
6 14
4 75
10 16
4 61
3 22
8 8
9 40
5 55
8 7
5 31
1 97
5 66
8 80
6 48
4 2
6 31
10 85
10 29
8 87
1 4
8 57
9 14
3 8
4 33
2 77
7 69
9 50
4 13
7 45
7 92
3 13
4 39
6 84
6 8
6 65
8 14
1 70
4 67
2 18
3 47
5 59
2 8
1 83
7 93
4 55
6 38
6 0
6 68
10 27
3 47
2 68
4 71
4 88
6 39
1 67
7 36
1 95
10 22
3 20
3 68
5 75
5 96
5 5
7 51
7 13
6 43
2 97
9 24
1 68
2 92
7 47
8 48
10 51
2 68
9 9
8 17
1 77
3 79
10 49
2 75
4 11
7 38
1 71
2 14
9 67
2 54
5 24
9 13
4 99
3 49
5 10
1 79
5 45
1 16
10 62
2 4
4 24
10 29
7 76
10 39
1 89
9 21
1 38
4 96
1 35
2 59
3 12
1 20
9 27
6 94
4 25
1 64
10 81
3 27
1 7
7 97
9 92
4 41
6 68
10 78
7 89
1 37
1 40
9 42
9 35
1 66
2 47
5 85
5 17
3 66
1 64
6 33
4 40
1 58
3 46
8 23
10 69
8 27
10 42
4 52
10 77
8 92
4 11
8 64
2 21
5 89
10 32
2 84
8 59
3 84
1 48
5 15
3 53
7 23
10 92
3 33
2 88
8 62
4 78
5 84
8 34
3 17
6 75
1 21
5 67
2 15
6 70
6 7
5 97
7 45
10 19
9 98
6 69
1 32
6 10
4 65
2 47
8 20
10 25
10 29
2 79
9 100
3 54
10 36
9 6
9 55
1 37
7 63
8 8
4 84
8 25
9 13
1 90
4 89
10 40
2 52
6 98
5 88
7 77
7 48
6 68
8 92
1 32
6 55
1 3
6 98
6 50
9 92
4 70
7 98
4 55
5 10
2 94
1 49
3 100
2 55
2 37
4 12
2 86
1 58
10 61
7 84
7 50
2 99
3 98
2 98
4 34
4 25
9 98
4 92
3 42
10 18
3 13
6 96
4 15
1 45
4 91
5 87
2 100
2 5
9 91
1 67
5 97
9 56
3 5
2 39
2 22
1 48
10 14
2 63
10 33
3 1
5 19
7 9
2 35
3 0
5 9
1 51
6 84
3 30
2 62
10 18
3 86
10 68
2 31
5 77
9 77
4 36
3 75
5 4
3 78
7 63
3 70
9 47
1 66
4 66
2 6
5 94
8 24
9 5
4 7
9 58
1 13
8 43
4 64
4 29
5 87
1 36
8 83
3 68
2 5
7 19
1 82
6 12
8 17
2 46
2 67
7 29
2 71
2 91
9 59
7 0
7 42
2 61
4 20
3 74
2 82
4 51
1 35
6 37
4 44
2 12
8 68
10 58
10 95
10 99
8 10
5 82
2 31
5 10
1 53
9 86
10 66
1 85
10 47
10 72
10 5
2 5
6 58
8 89
3 82
6 72
7 93
5 88
7 21
10 40
10 88
10 14
1 68
1 73
9 91
10 16
9 28
4 94
9 96
3 23
4 51
4 26
9 78
6 28
3 4
4 12
1 31
9 15
6 89
3 88
6 18
4 38
9 9
7 4
5 9
5 80
6 43
4 33
10 12
2 44
8 42
8 32
10 50
10 4
4 0
5 69
7 51
5 91
8 9
5 33
4 45
3 62
9 85
3 36
5 59
7 19
3 83
1 49
6 45
3 61
2 11
10 32
5 16
9 81
6 76
10 21
6 81
9 100
10 75
1 91
8 78
8 90
8 73
10 74
5 77
10 95
9 7
2 30
6 14
3 96
8 36
7 73
9 82
2 47
7 94
9 44
5 27
1 54
4 40
1 69
9 8
7 13
10 46
7 84
6 85
8 92
4 0
10 73
4 37
9 90
2 51
7 20
1 63
6 13
7 10
7 83
10 98
5 51
5 92
2 72
4 93
4 49
4 11
7 90
1 94
8 95
5 91
10 13
1 84
1 84
2 99
9 46
10 63
5 87
7 4
6 55
7 79
10 29
4 46
10 79
1 6
1 76
6 83
9 77
4 19
2 3
9 99
7 97
2 97
4 6
9 64
1 84
6 45
4 62
5 100
7 7
6 61
9 6
4 7
8 35
9 72
2 11
4 27
2 31
3 45
4 25
9 38
7 37
9 73
4 58
3 13
3 94
7 50
10 0
2 41
5 16
10 72
5 31
9 38
4 58
5 21
6 95
9 14
2 53
10 33
5 56
5 63
9 85
1 39
3 20
3 82
7 67
8 14
7 48
3 95
5 0
3 73
4 72
6 56
4 48
8 63
10 56
9 91
4 1
8 11
2 88
1 46
4 22
3 13
1 82
1 44
1 30
6 97
1 79
9 46
7 41
7 0
4 54
10 33
8 22
6 26
8 4
5 63
1 68
4 39
9 48
10 44
3 24
7 89
10 62
3 78
10 73
2 67
1 83
7 45
10 26
9 95
8 17
4 96
10 0
6 63
4 99
9 86
10 100
10 84
10 64
6 55
7 34
8 67
4 50
9 92
7 54
3 22
9 88
8 49
4 5
7 18
8 85
9 20
8 3
5 15
10 20
10 59
10 34
7 61
4 61
8 79
9 31
1 29
4 20
3 84
2 4
1 11
7 55
4 65
10 14
7 34
8 55
10 98
3 64
5 51
2 18
7 49
3 45
2 27
6 42
4 60
9 28
4 86
5 11
3 53
6 58
7 88
10 74
6 63
2 55
8 36
2 84
4 31
7 76
1 97
5 57
6 9
2 36
8 67
7 82
1 76
2 77
10 77
4 6
6 89
6 39
5 84
7 21
4 88
2 16
10 71
9 19
8 51
10 39
9 30
1 31
7 58
7 19
9 4
5 37
5 49
5 20
1 18
4 6
9 65
3 41
9 45
8 37
9 86
3 17
3 75
6 100
10 57
7 86
9 28
10 35
6 59
9 1
4 23
8 42
7 64
5 79
10 9
8 91
7 96
9 43
8 17
4 97
6 75
8 68
3 92
2 41
6 55
6 88
10 27
3 20
10 85
1 3
2 17
3 13
4 35
1 99
1 53
9 12
3 66
6 80
8 95
2 74
6 8
5 38
5 64
8 56
2 98
4 14
1 38
8 56
8 76
8 41
9 38
10 7
9 38
10 84
9 49
2 83
3 75
2 98
1 9
3 55
8 30
7 98
8 40
7 60
5 11
1 11
10 10
2 79
2 98
7 0
5 34
3 15
9 31
6 82
4 48
9 10
3 80
4 33
1 28
4 62
3 31
1 69
4 61
2 97
5 76
9 46
9 67
1 74
4 32
10 58
2 98
7 14
2 7
9 67
5 65
8 6
10 93
7 73
4 15
8 93
5 39
10 50
5 84
3 0
8 86
7 6
8 54
5 33
9 25
8 86
10 8
3 99
4 75
8 46
1 4
2 64
3 11
10 57
2 76
6 80
4 38
10 6
10 0
8 42
4 7
4 40
3 31
3 51
7 71
3 27
6 28
5 2
4 88
4 23
4 78
8 74
7 8
5 96
7 43
4 64
1 91
8 33
6 16
3 18
9 72
5 69
5 32
9 97
2 76
9 52
10 84
9 82
8 98
2 70
8 28
10 35
1 9
4 26
3 82
10 23
8 59
5 97
3 11
8 98
1 79
3 27
1 69
7 8
1 3
10 98
4 21
3 7
3 18
9 99
5 20
8 64
10 48
3 45
8 10
5 29
6 95
9 65
7 87
5 49
1 90
7 99
1 45
2 34
10 71
7 14
9 24
6 77
9 77
1 83
4 44
5 21
1 52
1 17
2 65
9 79
6 65
3 84
9 83
2 9
2 67
2 10
7 80
8 13
9 33
2 34
1 30
4 21
5 18
7 7
6 91
9 37
5 82
2 76
6 73
7 30
7 28
4 97
6 88
6 55
4 24
9 88
1 58
7 45
9 74
8 19
9 84
9 51
5 30
3 39
7 98
1 57
10 14
6 99
9 1
2 23
2 12
5 81
9 9
10 5
3 61
4 35
3 47
7 59
6 57
5 45
5 26
5 3
2 8
10 88
7 86
5 28
8 91
4 96
2 77
2 19
3 90
8 10
4 94
7 14
1 13
9 72
5 11
10 82
4 60
8 32
3 15
9 38
1 83
1 61
10 67
5 34
6 7
9 64
5 11
8 22
1 64
8 80
10 90
1 19
5 14
6 98
1 50
5 22
9 46
6 70
7 79
9 41
2 4
1 86
7 46
6 32
3 65
10 53
3 7
8 75
7 0
1 3
7 40
3 56
4 71
6 51
7 51
6 28
9 21
10 96
10 26
4 45
7 39
10 81
8 67
2 63
9 49
8 1
4 58
10 75
7 6
5 28
1 100
2 10
5 45
3 18
1 94
4 40
9 89
4 5
4 84
5 11
10 95
6 24
10 14
4 85
10 27
4 71
5 85
6 8
4 26
4 96
6 25
1 22
8 4
1 57
1 29
8 88
4 26
1 94
9 96
2 53
4 11
7 50
4 36
7 76
1 10
1 84
5 1
3 11
7 28
4 75
5 84
6 60
1 34
5 8
1 74
8 18
4 2
6 91
7 21
10 52
7 13
9 28
2 72
8 90
9 85
6 74
8 98
7 18
9 68
9 68
4 94
8 82
9 68
8 80
8 19
4 5
10 89
3 63
10 82
7 83
4 4
8 8
10 57
1 9
5 83
10 44
2 50
2 3
10 79
2 51
10 45
8 38
8 88
7 35
4 71
3 67
8 95
4 75
10 55
6 60
5 86
1 35
3 76
4 47
4 100
10 87
6 43
8 75
1 5
3 44
6 70
1 65
5 88
6 94
6 19
3 88
10 58
4 34
1 17
10 58
9 72
3 95
5 72
3 95
6 61
3 35
1 48
6 0
6 12
10 57
7 32
5 61
6 14
3 39
9 6
2 69
3 34
10 84
7 38
2 56
1 78
8 51
5 91
1 67
6 10
5 49
1 7
7 89
1 32
5 92
5 77
7 61
3 29
3 40
7 22
6 66
7 0
2 67
3 77
8 70
7 71
1 3
4 10
2 35
2 14
4 44
2 84
2 65
2 7
7 98
8 77
8 79
4 11
9 61
3 82
9 52
7 40
7 54
4 42
9 39
3 77
1 70
2 10
1 99
3 65
4 47
2 43
3 79
3 70
6 55
9 40
1 89
8 34
7 70
6 23
1 4
9 12
3 28
1 26
1 13
10 53
9 55
2 2
7 60
1 11
1 58
3 79
2 6
7 32
1 88
4 93
5 52
8 47
6 60
2 91
7 22
8 23
2 41
2 74
5 15
3 63
3 97
8 2
4 58
5 25
2 98
10 50
9 88
6 48
5 76
9 16
7 74
9 4
10 64
4 89
10 10
8 37
6 71
2 84
9 62
4 77
1 83
2 76
1 6
8 57
2 36
10 8
1 97
1 21
6 39
1 39
9 13
8 94
6 7
5 97
6 50
1 3
8 22
7 65
10 50
3 45
4 19
9 77
6 27
5 89
10 88
6 63
1 9
4 78
6 41
3 20
5 24
2 72
4 53
1 72
7 5
4 18
7 48
6 99
10 31
10 94
5 90
4 29
10 17
5 27
4 93
1 82
2 2
2 88
9 99
2 57
7 69
7 60
3 44
7 70
4 19
1 21
4 16
4 1
8 43
4 66
10 58
7 32
2 4
6 3
4 22
10 92
10 68
8 74
6 76
7 41
10 93
2 90
1 14
4 29
10 30
6 86
8 94
8 45
8 11
5 14
3 51
8 97
6 9
1 57
4 20
7 53
9 23
8 58
8 79
7 22
10 71
1 91
5 45
6 12
3 16
7 72
9 19
4 43
2 50
2 3
2 84
6 35
2 36
1 88
2 39
10 11
7 40
1 97
9 32
10 49
7 17
3 14
3 9
2 91
3 89
9 20
9 25
6 27
2 97
5 48
9 22
9 97
9 81
3 82
8 35
8 38
5 99
2 48
7 51
4 33
10 98
8 88
7 89
7 0
8 27
5 51
4 95
1 26
1 29
3 20
1 61
2 2
9 6
9 50
5 11
1 4
7 65
7 18
5 89
8 3
2 98
2 2
7 22
10 22
2 11
5 71
7 88
1 31
9 46
6 82
6 35
3 68
8 63
6 73
1 25
7 38
10 52
4 8
9 42
10 86
5 71
6 91
1 77
10 13
5 23
7 76
8 53
2 28
2 77
1 89
10 70
6 35
4 96
1 44
9 62
1 43
7 47
8 12
6 54
8 25
1 2
4 95
4 51
3 52
7 45
3 69
3 44
9 4
3 50
4 54
1 59
8 0
5 8
10 92
7 40
3 33
4 62
9 1
5 74
4 51
3 97
5 31
4 3
4 42
8 94
10 45
1 97
1 51
4 41
3 84
3 31
9 11
10 64
4 38
2 14
10 90
6 0
3 9
1 47
9 38
1 37
10 22
7 89
8 40
7 33
3 18
7 15
5 36
1 3
1 9
9 66
6 76
9 86
4 39
1 93
3 50
7 49
5 6
6 55
1 80
4 73
7 82
2 18
10 6
4 55
3 9
4 42
6 45
6 12
5 58
7 17
8 68
5 5
7 32
8 0
1 87
9 61
6 22
2 16
2 99
8 76
10 84
7 4
6 84
6 17
8 19
6 80
2 15
2 21
4 17
7 73
4 98
9 3
9 11
9 3
9 4
10 31
4 52
8 96
4 11
2 32
5 34
10 30
6 38
2 41
3 41
2 42
1 82
2 100
6 58
3 23
10 29
1 70
4 41
8 48
8 30
4 48
8 43
3 51
3 52
1 39
2 47
1 70
3 14
10 52
2 47
5 88
4 7
2 21
5 17
3 73
8 100
2 1
1 31
8 52
3 66
4 73
7 80
2 11
1 70
3 34
6 44
8 60
2 39
2 60
1 87
2 48
4 71
10 40
5 59
3 12
6 58
10 76
2 99
2 30
5 53
4 63
10 62
2 10
6 77
1 40
1 15
9 52
9 46
5 52
2 5
1 68
7 24
6 12
9 68
8 23
7 41
4 89
2 20
8 19
9 3
2 9
6 48
2 68
5 66
3 71
3 88
8 54
10 63
6 4
3 55
9 14
7 78
6 40
4 81
1 7
6 48
1 27
6 38
1 93
1 78
2 6
7 26
2 19
7 30
8 90
1 59
7 92
10 89
7 2
2 58
8 100
10 88
10 46
7 7
4 48
6 5
4 15
1 17
1 85
1 57
4 56
5 69
9 17
6 81
3 91
4 33
2 85
7 75
4 57
8 86
7 12
4 35
3 0
10 87
4 14
9 92
9 30
3 11
6 64
9 77
9 48
4 58
8 12
1 59
5 58
6 14
5 27
9 52
7 12
2 98
7 40
8 28
10 70
7 72
6 64
1 70
10 27
4 62
3 97
7 87
6 1
7 0
8 82
5 32
2 5
2 99
1 5
6 99
5 44
4 87
4 77
6 93
7 1
3 89
3 73
5 77
7 19
9 98
6 1
8 49
7 30
3 26
2 73
6 52
4 69
5 85
6 97
4 40
4 14
3 47
4 16
10 61
2 67
2 16
10 2
10 41
10 16
6 29
3 69
9 50
5 10
4 52
7 96
4 54
10 68
7 37
5 97
8 74
5 96
10 14
4 46
5 92
2 94
10 6
5 88
7 8
1 94
3 8
2 59
5 63
3 26
9 60
2 97
8 62
4 53
3 2
8 78
10 6
3 65
10 46
8 82
10 41
3 13
6 45
9 16
10 93
1 78
6 42
8 10
3 12
8 36
6 67
5 2
4 33
8 98
7 82
3 68
6 69
5 15
9 11
1 0
3 80
1 2
5 13
6 92
6 8
7 38
5 89
6 86
8 85
2 98
5 68
6 67
8 74
8 96
2 1
2 92
10 92
6 13
3 78
6 78
9 56
7 0
5 53
8 46
3 75
3 26
2 99
3 26
2 56
2 8
3 5
4 13
2 59
7 28
8 56
6 71
9 86
1 48
10 99
4 90
5 7
7 43
4 4
10 34
3 43
7 7
2 91
10 51
3 14
5 38
3 23
4 56
3 30
6 15
1 80
4 10
3 64
10 11
1 50
6 1
8 34
3 91
4 9
3 30
10 71
5 74
3 4
5 16
7 41
4 68
5 99
7 9
4 78
8 83
4 24
2 87
2 51
7 67
3 57
5 96
4 23
2 3
9 50
10 20
7 10
7 68
1 96
2 84
3 10
2 27
2 100
7 17
8 55
8 56
4 41
10 24
5 43
4 95
1 6
2 50
7 77
5 82
3 91
1 1
4 61
6 74
7 51
1 11
2 6
6 47
4 58
2 25
4 38
5 85
1 21
4 36
1 15
8 43
4 47
4 53
2 99
10 14
1 7
4 65
5 51
5 57
2 55
9 68
9 77
9 1
1 5
3 37
6 19
8 62
2 79
6 48
9 16
1 58
5 57
10 92
2 63
3 68
4 2
8 50
9 79
5 88
2 87
2 76
4 53
7 24
2 21
10 76
7 97
5 31
4 7
9 55
6 39
1 74
10 94
7 23
3 81
3 62
7 43
1 78
8 18
1 93
7 3
8 79
7 55
8 67
8 71
2 68
10 70
8 27
2 4
1 35
10 7
1 3
7 8
1 71
8 17
10 62
10 42
5 97
3 70
5 61
4 70
2 71
10 83
7 51
6 81
1 83
4 100
9 68
8 10
2 24
8 39
3 89
10 16
7 3
10 28
6 92
4 69
10 32
6 53
1 53
3 79
6 46
8 8
7 77
8 81
5 34
3 55
3 81
8 60
8 87
9 47
4 8
1 68
7 97
7 1
2 69
1 20
10 10
5 44
1 27
3 24
7 71
9 21
4 6
1 77
9 92
9 92
6 23
8 47
6 100
4 10
9 46
5 59
7 86
5 36
3 83
3 56
3 65
1 85
4 37
4 17
1 95
2 2
7 12
3 6
9 54
7 50
10 66
9 91
7 51
8 46
3 57
2 100
1 87
7 63
5 38
7 26
9 39
3 28
8 24
6 51
8 74
9 60
2 95
3 94
6 44
5 93
2 82
10 3
10 67
8 76
10 83
4 33
1 12
8 93
4 47
9 78
3 24
4 6
6 10
4 12
7 14
9 80
8 100
4 76
5 41
3 8
8 72
8 15
4 94
7 80
8 12
3 83
3 93
7 34
7 57
2 16
2 10
2 48
10 5
5 13
9 63
10 50
4 70
8 46
8 47
4 90
6 63
4 62
9 46
6 19
4 92
7 33
9 45
7 31
6 33
4 3
7 45
1 4
3 53
6 1
6 75
3 63
5 44
7 73
1 5
4 10
5 29
6 49
2 94
9 28
5 18
10 14
10 30
9 94
6 99
10 69
1 4
2 31
6 84
6 30
5 25
4 80
3 68
7 45
4 11
3 71
6 21
4 89
10 79
10 95
3 84
9 96
3 22
1 66
9 39
5 36
3 40
1 96
7 3
1 60
6 8
3 97
6 49
2 28
4 32
4 73
7 60
3 89
5 28
6 76
9 47
3 57
6 20
5 78
3 29
5 78
1 20
9 11
2 31
9 0
7 75
1 56
4 15
1 33
5 51
4 46
5 10
4 85
1 57
5 16
8 69
4 24
3 41
4 92
4 89
9 72
10 78
9 68
9 96
8 49
10 42
9 79
1 46
6 6
10 99
5 72
6 24
7 100
8 95
6 18
4 32
4 64
1 84
8 37
5 63
5 75
1 76
10 53
8 16
8 42
10 0
5 46
10 71
3 32
9 62
6 27
3 79
8 95
5 37
3 36
6 78
4 83
6 63
1 67
5 59
2 44
2 6
10 73
4 94
3 64
1 76
5 78
9 86
10 27
5 27
2 96
10 97
8 90
9 28
9 91
7 56
10 4
6 70
2 62
7 13
4 0
10 56
5 54
1 62
4 19
3 5
3 45
10 28
3 52
3 29
5 80
9 0
10 85
3 22
5 10
4 6
6 18
1 4
8 25
5 9
6 15
5 42
9 55
6 85
5 40
1 41
1 8
4 21
2 4
6 51
8 92
3 22
2 19
1 51
5 5
9 98
8 79
2 95
1 39
8 18
4 14
3 32
5 21
6 11
5 98
9 76
2 8
3 18
9 55
10 74
3 26
9 31
2 60
1 95
3 17
7 11
7 86
10 61
5 58
5 46
7 36
2 98
1 100
2 22
4 55
2 97
2 8
10 64
7 21
9 85
10 16
7 46
7 80
5 76
7 28
7 96
2 55
1 90
5 59
1 95
7 41
8 74
4 71
9 64
3 79
3 98
8 63
7 13
7 60
10 61
8 74
4 17
3 60
1 58
7 79
2 53
4 90
10 33
2 39
10 14
10 94
9 13
10 91
10 10
7 83
2 39
3 33
6 52
3 1
7 50
7 60
6 32
8 87
1 0
8 49
5 91
4 11
4 31
7 56
4 14
8 65
5 52
4 0
10 87
6 28
1 100
4 59
2 63
1 43
8 65
9 17
4 23
6 15
5 48
4 80
4 90
5 57
2 90
6 86
10 89
3 12
3 76
5 93
4 1
8 61
4 63
2 73
4 42
6 20
7 7
5 11
4 79
2 21
7 19
1 79
9 86
9 71
7 56
6 43
10 40
2 11
8 92
6 98
1 30
4 52
1 86
3 82
5 46
1 58
6 27
4 9
4 14
7 42
8 59
1 31
2 3
6 32
8 91
2 8
6 74
2 19
6 21
1 41
9 23
1 27
2 51
9 74
1 11
2 89
8 24
3 21
5 41
6 23
9 86
8 27
9 77
6 19
3 93
9 15
1 28
5 69
2 89
4 94
4 73
9 5
7 81
5 81
7 19
4 15
7 78
10 76
7 61
2 18
5 67
3 82
9 59
2 41
8 49
8 65
10 78
7 61
1 20
1 45
1 83
1 73
9 72
10 61
4 4
5 67
3 0
2 96
7 24
9 85
7 7
4 46
4 75
6 50
7 19
9 31
3 4
2 27
1 24
10 32
9 44
2 93
9 41
5 10
7 33
7 71
5 93
10 94
2 88
10 48
4 18
4 25
10 45
8 85
10 19
5 77
3 1
5 3
7 74
6 55
5 32
5 88
7 78
8 82
6 32
3 19
4 12
4 82
9 78
9 63
2 81
4 12
2 2
1 4
2 90
6 28
5 89
2 78
3 74
10 89
8 84
9 1
5 58
8 59
5 47
4 59
10 12
5 83
1 55
2 81
7 22
3 0
2 42
1 71
1 43
6 45
5 93
6 87
5 14
10 36
9 61
8 95
1 74
10 52
2 70
3 48
4 97
10 67
9 15
5 99
6 33
9 84
7 60
8 48
10 66
10 14
4 39
8 58
2 69
7 63
10 84
5 24
9 77
2 11
3 55
10 59
6 80
5 12
3 25
8 35
2 45
7 79
8 9
5 82
4 20
1 59
9 1
6 44
1 46
10 51
1 16
5 0
1 29
6 23
7 72
4 17
2 60
10 80
1 61
7 21
5 44
10 2
3 92
1 99
4 25
2 19
2 8
6 8
8 97
7 98
1 23
8 64
10 51
4 43
7 57
10 46
3 15
3 12
10 90
5 7
5 32
4 78
6 35
9 61
4 100
9 51
9 10
1 18
7 29
4 79
6 38
2 0
8 43
7 41
9 21
10 100
8 92
4 58
1 91
3 51
2 87
4 85
6 20
10 73
8 51
3 95
10 64
10 76
9 90
1 39
1 16
5 49
9 84
10 83
3 79
1 79
6 93
7 9
6 86
4 8
1 84
2 52
6 96
10 89
5 17
6 15
1 95
7 65
9 65
10 78
10 63
10 99
1 26
5 70
5 18
2 48
8 23
8 62
3 23
4 40
2 60
2 53
6 95
9 100
9 36
9 18
1 11
7 97
1 15
7 60
10 1
10 67
4 50
3 11
5 19
6 33
3 39
9 24
7 74
3 72
1 63
7 9
4 30
7 92
5 38
2 17
4 71
3 43
3 29
5 20
10 32
2 4
7 70
6 0
9 87
2 62
4 15
10 7
8 28
9 33
4 86
10 21
1 99
7 26
9 87
2 66
4 0
10 3
6 61
7 83
10 15
10 34
2 22
3 31
6 32
6 60
5 36
10 45
1 53
4 96
7 13
7 29
2 63
1 51
4 98
5 66
7 23
7 57
9 33
5 15
5 54
6 40
10 24
1 63
5 12
9 7
9 13
10 96
8 39
6 100
9 84
10 97
4 47
10 83
8 30
3 20
4 1
7 100
8 57
7 84
4 74
9 56
8 74
2 43
9 54
7 21
4 71
7 33
5 100
4 33
2 85
7 9
6 9
4 17
5 0
5 81
8 69
2 90
2 38
3 73
2 23
10 45
6 33
6 87
6 70
9 65
6 87
7 93
1 37
3 13
2 93
3 6
3 1
1 37
5 56
3 10
9 37
6 100
6 34
6 2
9 54
1 44
5 74
3 70
1 91
4 7
8 52
8 48
4 22
3 83
10 45
10 87
9 2
8 37
5 11
1 19
7 71
10 71
5 10
1 46
8 16
9 10
1 73
1 64
4 68
10 85
2 43
10 82
9 93
6 79
6 51
9 99
10 18
1 46
7 88
2 37
4 44
3 56
2 46
7 7
9 21
5 47
3 40
5 7
1 7
8 32
6 40
2 93
1 92
2 11
8 3
1 25
9 28
8 6
9 29
10 5
7 57
4 58
10 12
4 77
4 36
6 81
4 83
8 63
1 58
6 41
10 88
1 58
9 89
1 87
2 1
9 92
10 15
9 14
5 99
10 85
7 1
4 1
1 29
4 12
6 69
6 86
5 65
8 97
6 24
6 50
1 34
8 50
10 16
5 36
6 46
6 43
2 15
8 39
7 62
4 78
1 3
10 67
2 94
7 38
5 94
7 87
5 67
1 3
4 3
5 10
3 5
9 47
3 42
4 36
4 18
5 44
3 3
2 86
8 78
10 42
5 65
4 20
3 73
10 37
3 0
2 55
1 25
9 2
6 91
7 32
8 98
3 53
8 30
3 63
8 15
6 7
4 2
7 70
7 93
3 60
5 87
1 41
6 42
5 90
5 53
2 83
7 64
3 56
10 30
7 71
3 74
3 88
2 87
8 39
8 44
8 2
9 53
7 46
10 30
5 42
9 32
5 41
1 39
5 79
2 10
6 20
5 37
9 72
2 28
8 75
2 55
5 46
3 49
10 62
3 94
5 16
8 78
4 7
7 37
2 43
3 38
1 45
8 10
8 24
1 19
1 9
4 93
10 91
7 34
4 90
10 97
3 92
7 90
5 9
5 80
1 93
4 53
7 96
5 33
1 59
8 90
3 90
4 63
7 95
1 48
2 56
7 5
6 26
4 3
7 90
5 21
8 61
5 66
10 84
6 68
6 42
3 65
6 16
10 99
2 15
6 4
7 58
4 54
1 54
5 53
5 63
4 2
6 24
7 17
3 44
1 39
1 36
6 75
9 97
4 15
4 90
4 41
8 91
7 59
5 69
9 72
6 12
6 14
2 45
10 60
5 65
5 63
7 17
9 10
8 95
3 19
1 70
4 72
10 17
8 28
9 3
10 96
2 76
2 63
2 74
5 64
3 74
9 62
10 28
7 58
1 46
10 7
2 10
1 38
8 82
2 51
10 48
4 98
8 34
2 43
10 25
4 1
7 51
1 2
7 35
4 26
1 36
2 60
6 44
3 71
4 70
5 35
8 12
4 4
5 71
9 77
1 90
5 21
3 64
6 11
3 84
5 26
5 98
1 46
1 45
3 17
7 73
3 36
5 63
10 84
8 44
9 82
8 89
1 63
8 61
8 28
3 19
2 73
6 9
4 72
1 23
7 55
10 95
7 73
2 98
6 23
10 70
3 13
8 42
9 52
4 98
8 99
4 28
10 47
7 64
5 1
3 88
4 0
10 37
3 22
1 12
2 98
4 56
9 22
7 67
10 6
3 86
10 80
8 89
2 96
8 88
8 36
5 25
4 34
6 31
9 31
9 90
1 57
8 2
3 90
8 81
1 77
10 69
7 48
4 41
7 1
5 44
7 54
8 68
1 20
9 41
7 66
3 38
1 47
8 24
10 77
7 65
8 42
10 7
7 1
4 99
8 22
8 79
10 14
1 64
3 10
4 12
10 62
5 66
1 81
2 90
6 0
5 70
5 76
10 7
7 63
4 44
2 39
2 76
1 63
3 7
3 29
7 100
5 55
2 79
2 70
4 52
4 59
8 71
1 83
8 30
3 31
8 60
9 37
5 46
2 14
3 42
4 95
4 42
4 27
3 91
6 7
10 82
8 17
2 21
2 70
6 19
4 52
2 3
1 92
4 21
8 75
1 31
4 80
10 7
5 78
3 48
7 75
4 56
8 43
3 92
8 17
3 11
1 15
1 18
5 94
9 92
3 27
2 81
3 7
6 53
8 36
8 14
7 64
3 31
2 76
7 47
6 12
7 88
2 24
1 99
7 18
7 54
4 40
8 93
2 12
5 6
2 24
8 5
8 17
6 41
5 83
9 33
4 97
10 19
5 19
3 94
2 19
10 6
1 21
6 49
2 73
6 45
7 17
10 54
7 83
3 0
2 70
2 73
3 18
1 62
4 91
1 33
5 17
1 83
6 61
10 29
5 99
6 87
3 43
6 7
8 87
4 52
10 0
4 63
7 21
9 5
9 68
5 52
10 49
10 81
8 77
1 89
8 28
1 1
3 86
6 25
6 24
10 70
5 48
3 75
10 18
9 17
7 13
5 81
9 93
5 92
7 46
10 46
10 70
2 40
6 39
1 23
3 70
1 78
7 16
2 14
6 30
4 65
2 69
4 18
4 1
10 26
2 1
5 27
4 61
4 3
2 18
5 66
4 9
6 73
5 31
10 32
3 17
5 68
9 33
7 13
4 41
7 16
4 25
3 44
10 10
8 99
10 3
7 67
6 24
4 70
9 55
3 83
1 49
8 39
8 83
7 97
2 56
10 61
5 45
8 70
5 66
7 76
5 66
5 63
2 5
9 24
2 56
1 3
1 91
2 42
7 89
1 81
2 10
7 43
3 40
4 73
3 64
1 57
1 99
6 8
4 10
7 60
9 16
7 100
4 10
8 64
10 22
5 71
6 80
7 78
6 79
10 99
3 33
6 31
8 57
9 80
1 83
9 83
4 31
1 26
5 66
1 46
3 16
3 69
4 60
1 83
4 98
1 85
4 70
10 40
1 92
7 14
1 20
2 85
6 2
10 94
3 78
9 78
2 20
9 56
4 56
3 10
1 39
9 25
5 33
9 55
10 92
9 10
2 24
8 88
3 50
6 95
10 3
4 65
9 79
3 100
10 57
1 10
6 52
10 70
1 15
6 39
6 62
4 25
7 39
8 98
5 85
1 77
3 55
9 72
6 31
6 53
4 27
2 97
7 33
7 61
1 32
10 97
4 93
2 75
9 30
4 93
1 32
9 30
9 51
5 97
10 19
1 75
2 53
2 42
2 76
6 68
1 75
9 96
8 84
6 28
7 33
6 18
10 47
9 32
9 14
9 14
7 20
4 9
3 16
8 74
6 4
7 17
8 45
2 65
2 5
2 1
9 1
9 96
2 58
3 91
4 47
10 48
4 46
5 80
5 76
9 72
1 74
1 23
2 30
1 35
2 27
2 84
8 10
9 84
8 39
1 26
9 45
1 42
2 44
2 46
8 41
7 47
5 38
9 64
4 43
9 68
7 3
6 99
8 43
2 89
6 26
8 23
7 49
1 25
7 22
1 1
6 9
8 52
4 27
7 79
7 44
5 15
1 3
3 45
4 88
6 32
1 19
3 9
9 16
7 40
5 61
9 12
1 25
1 96
3 2
5 78
4 70
4 30
9 88
3 33
3 7
1 71
6 6
2 54
7 93
8 51
1 37
4 85
10 29
3 76
3 41
6 65
8 6
4 57
2 55
9 16
9 18
2 83
10 47
1 14
9 12
5 42
8 68
5 68
7 8
1 49
3 28
2 9
1 40
7 61
4 48
10 80
3 90
7 25
6 5
1 71
8 70
1 61
8 38
1 73
9 68
4 37
5 49
9 30
9 74
1 33
5 63
5 32
7 96
4 68
2 36
6 34
6 6
5 29
3 73
1 63
5 2
6 99
2 32
5 91
2 43
10 83
3 14
10 85
3 92
4 64
10 79
7 98
8 5
5 65
10 21
5 90
5 78
5 11
2 54
4 15
6 50
6 87
10 65
10 37
1 55
1 46
5 77
8 1
10 84
6 1
9 38
9 4
2 76
4 57
5 32
9 2
4 53
4 54
3 16
10 49
6 23
3 7
8 40
1 33
1 84
6 5
2 25
6 1
8 61
1 73
2 47
9 1
9 91
5 42
10 74
8 3
5 70
3 2
2 18
3 62
10 60
8 41
9 46
10 67
5 45
7 92
9 94
9 39
2 60
8 85
9 28
5 69
5 48
10 93
1 3
6 12
2 61
6 55
10 2
4 44
4 20
8 23
7 42
2 47
10 25
9 25
7 34
6 50
7 48
2 7
3 88
7 48
7 83
5 45
5 87
3 71
5 96
2 86
5 22
6 29
3 26
6 13
10 12
7 62
2 84
1 43
3 88
5 30
4 32
7 59
9 19
7 72
5 75
9 65
8 28
10 21
1 54
4 73
8 13
4 28
10 50
8 40
2 75
8 96
10 43
2 38
6 68
5 99
1 100
1 90
6 44
2 47
2 29
6 99
10 23
4 83
4 61
10 84
5 29
5 82
9 26
2 7
10 89
4 39
3 87
3 63
4 45
3 42
4 63
7 89
10 2
1 86
6 49
6 10
2 6
10 32
6 27
3 24
1 77
8 11
2 86
6 92
1 39
5 5
2 73
1 52
8 72
10 93
9 62
1 20
8 90
2 88
5 50
2 77
9 45
9 58
10 80
7 21
6 81
1 84
6 19
9 19
8 57
7 96
9 28
6 38
5 83
2 61
7 48
5 92
3 2
8 8
3 82
4 71
3 41
7 31
3 75
1 17
3 73
1 55
2 18
6 2
9 83
8 59
7 31
6 10
5 51
8 30
1 66
5 22
4 31
7 6
7 1
2 3
5 89
3 34
7 28
8 95
9 49
8 77
9 83
7 15
4 19
1 50
3 43
1 60
3 49
9 88
9 46
9 50
4 94
6 66
5 40
10 34
10 59
5 13
1 57
5 14
9 44
5 26
6 91
5 52
3 56
9 61
6 77
6 3
10 85
2 22
1 40
1 97
4 99
3 94
7 89
4 71
9 77
3 36
3 95
4 50
3 27
3 17
9 14
2 81
10 46
8 37
9 63
9 41
5 94
2 60
6 96
2 84
9 31
6 60
10 77
8 80
1 35
2 11
7 54
4 4
8 78
7 32
3 28
3 10
1 7
6 11
10 70
3 41
1 37
1 5
1 58
3 94
10 19
7 41
6 86
5 27
7 30
2 26
3 55
9 28
7 61
4 79
6 83
4 68
4 21
8 7
9 10
3 51
7 29
9 47
10 24
3 29
8 8
7 53
4 85
3 3
4 40
2 78
3 51
4 68
5 42
6 78
6 74
4 71
2 88
9 76
2 78
7 52
1 75
10 83
2 79
4 33
2 63
6 30
1 76
10 21
9 52
4 43
10 39
6 23
5 36
4 83
9 16
2 40
4 12
5 58
6 2
10 23
9 83
7 27
9 7
4 32
9 12
3 46
9 6
4 0
4 82
3 40
9 79
9 63
6 62
4 90
4 79
1 88
1 42
9 15
4 55
8 23
1 79
10 75
8 27
10 45
1 78
2 75
3 82
5 56
8 15
5 47
4 36
9 68
5 88
10 8
2 63
10 6
4 40
5 4
10 36
1 6
1 29
5 30
4 56
5 53
4 16
5 65
9 36
4 56
6 62
6 12
3 53
1 90
3 9
3 98
5 1
1 43
1 47
5 81
4 34
4 15
4 66
4 93
4 31
1 72
6 98
10 58
5 51
7 5
1 52
2 59
3 90
6 99
8 95
4 36
8 72
2 85
9 63
4 61
4 39
9 86
8 36
8 64
2 97
4 63
3 9
2 78
6 52
9 49
8 43
8 44
4 97
8 13
6 19
9 100
1 18
6 0
3 87
6 100
3 68
2 34
7 13
10 97
4 60
10 97
6 75
9 83
6 49
4 19
2 82
1 77
6 32
9 29
1 77
6 72
6 67
4 8
9 84
10 34
9 65
3 71
10 3
9 1
7 7
6 86
7 99
6 61
5 4
5 68
1 79
2 41
1 78
3 28
6 6
1 23
1 83
4 76
1 2
8 90
8 16
6 86
7 4
5 12
1 36
10 2
6 48
4 81
8 64
2 57
4 63
3 79
1 44
1 18
2 74
6 85
9 61
9 99
2 3
8 76
1 37
8 9
7 26
9 24
3 32
3 77
4 73
6 29
1 89
6 7
10 49
3 50
2 26
6 55
1 77
1 19
10 8
9 97
5 7
9 20
4 91
9 58
8 96
8 91
2 58
10 50
3 59
7 41
8 31
5 71
10 95
1 4
2 44
1 11
4 50
7 31
10 16
3 46
6 45
7 14
3 4
2 68
5 17
8 58
5 54
7 19
7 45
4 9
4 7
8 32
9 86
10 42
1 6
9 98
3 9
2 65
10 67
9 76
7 83
1 19
2 7
5 47
8 75
8 18
3 30
4 42
5 9
7 48
3 56
4 33
1 98
5 56
1 24
6 39
3 49
7 45
2 72
3 42
9 8
10 53
8 20
3 62
2 30
9 97
3 68
3 60
5 37
1 55
8 42
1 73
7 80
3 99
10 7
7 60
3 66
3 22
2 92
2 50
8 6
2 6
9 45
6 55
6 36
7 30
4 86
2 11
8 62
1 98
3 82
9 12
5 49
3 6
7 81
5 34
6 44
8 30
10 75
7 86
3 72
3 74
4 97
3 27
4 80
10 56
8 41
7 91
9 5
7 88
9 21
4 53
1 59
7 11
2 35
8 77
6 76
9 44
1 51
3 61
6 13
6 78
5 2
1 81
5 48
9 96
8 46
9 29
1 89
3 7
5 78
6 69
8 73
10 43
5 33
2 14
2 83
7 68
1 61
8 60
7 29
9 86
5 65
3 38
7 85
8 78
8 61
2 99
2 75
2 77
7 75
4 62
5 63
5 51
10 21
2 75
1 60
4 0
10 13
8 16
5 69
8 68
5 84
9 66
9 81
5 12
2 97
2 29
6 98
9 13
8 47
4 20
7 97
8 43
2 91
3 83
5 73
2 36
1 42
3 73
9 60
5 26
8 95
2 49
3 43
9 7
9 47
1 74
6 1
10 68
8 38
7 32
5 51
1 3
6 32
5 20
6 57
3 54
8 70
6 33
3 70
7 24
1 47
3 23
1 85
2 87
6 77
1 27
2 2
10 100
5 80
4 94
9 62
3 83
3 78
6 80
3 83
6 36
2 53
8 81
1 82
3 76
4 66
8 29
6 33
3 39
4 80
1 25
10 17
4 39
7 12
2 47
9 32
10 11
3 33
7 79
1 1
2 81
1 16
7 45
5 70
6 60
8 42
2 57
4 31
8 53
7 80
2 63
7 9
3 81
1 70
8 1
9 31
1 87
10 6
1 65
2 98
5 32
3 25
6 48
10 60
3 35
5 70
7 81
3 42
7 18
3 25
4 78
7 18
4 64
5 40
6 73
7 0
8 28
9 79
4 55
10 97
5 69
8 75
8 16
9 97
9 47
5 53
5 21
4 16
1 22
9 78
1 49
3 92
1 0
8 91
8 72
5 0
6 35
9 68
1 81
4 39
8 75
9 21
8 94
8 33
7 10
3 75
2 38
5 69
5 91
2 17
8 80
2 80
6 28
10 53
6 17
9 40
2 46
3 97
6 67
5 53
9 22
5 35
2 100
3 34
8 23
10 1
8 20
1 70
10 25
4 31
7 31
4 63
8 86
7 79
3 6
4 87
6 26
10 82
8 12
9 92
3 61
4 42
8 44
9 54
9 54
5 93
1 27
8 14
4 83
8 16
2 20
6 7
9 65
3 89
4 84
3 45
1 10
5 86
10 47
6 45
7 80
9 5
9 92
3 21
6 5
8 51
4 93
7 35
6 75
4 17
5 55
5 30
3 61
7 65
2 63
9 52
9 83
4 33
9 42
3 52
9 60
3 14
6 27
8 3
10 38
4 56
1 54
4 40
8 98
5 92
9 59
8 86
1 25
5 13
6 65
9 87
8 58
8 77
8 92
4 32
2 20
1 5
10 32
4 79
4 63
7 100
3 91
8 82
5 58
8 0
7 65
3 86
3 97
9 53
8 21
10 50
5 26
3 99
3 13
5 51
2 63
6 15
6 92
7 41
9 56
7 24
9 42
9 46
4 83
8 22
1 45
1 67
9 18
7 11
6 56
9 89
10 43
7 90
2 42
6 89
1 1
2 48
1 55
7 95
2 0
4 0
4 64
1 78
7 1
3 24
10 93
9 21
7 89
10 25
3 66
5 36
2 36
9 97
6 11
4 18
1 0
1 45
7 73
5 39
6 52
7 28
5 23
5 25
4 18
2 24
8 60
4 89
9 58
3 33
8 16
4 20
9 95
9 60
5 88
5 63
8 14
1 5
6 85
10 23
9 48
4 16
9 83
2 63
6 28
7 37
8 54
7 21
3 28
7 6
7 99
2 69
2 23
9 74
2 16
4 62
9 99
2 2
8 49
10 21
6 25
8 92
6 76
5 87
10 16
9 10
8 46
5 97
4 34
3 85
4 99
6 51
7 40
3 2
7 13
1 22
2 50
5 26
1 40
1 86
4 94
2 95
4 11
7 25
1 7
3 0
6 15
8 49
4 93
6 52
5 81
5 46
4 35
1 39
5 69
1 17
5 79
7 67
2 1
8 66
6 1
7 46
9 89
2 75
6 11
4 14
4 38
1 76
4 77
5 3
5 46
7 66
10 93
7 12
2 96
2 71
5 86
8 39
3 5
3 88
4 45
10 78
6 88
8 22
3 55
10 57
8 17
9 12
2 79
7 20
7 83
8 70
9 23
3 2
4 32
5 12
3 49
2 13
10 52
5 88
1 59
8 3
8 12
7 27
4 55
2 18
4 38
1 42
6 70
3 86
10 58
4 20
2 47
2 95
10 56
5 10
7 26
4 68
5 27
10 42
2 77
3 88
5 89
5 70
2 30
1 71
7 34
4 87
5 30
8 60
3 89
9 64
6 34
1 88
8 51
2 7
10 40
6 91
5 68
5 39
2 32
2 91
6 54
7 87
4 37
4 87
9 31
1 95
2 50
8 79
6 4
8 94
3 27
10 52
6 2
7 79
2 88
2 71
3 15
2 32
1 28
5 6
7 88
4 17
3 54
10 66
1 94
4 31
3 79
10 53
10 18
7 81
9 80
4 77
8 88
2 64
7 60
4 27
10 19
10 59
10 65
8 70
8 100
3 80
7 0
1 30
6 24
6 74
7 71
8 73
4 19
1 91
1 39
4 74
1 55
5 48
1 99
2 28
6 33
10 25
3 12
4 25
4 75
5 26
10 8
1 11
4 13
6 96
9 74
2 60
3 23
6 1
10 39
7 63
10 54
7 81
8 63
3 92
9 67
4 77
1 99
10 99
10 14
2 20
1 76
9 100
6 15
2 18
9 91
5 7
