905
274877906943
668979576140279251
463546644864621
158
33263457907
4294967295
2310014504
68719476736
134217727
2097152
70
1763400726906
16777216
4
137438953471
14103034889230366
6408996
131070
861412707749434849
14805041910748412
128
102752185170
67
933561234255830
675585362604706579
5607725789
47727781084646769
169126
635546605614
997422378
1343780820090
612130191767912415
26
4503599627370495
390769
833
7
42
2185629946925
245
62962327
2253829690248532
534003726498473
938276566412176022
2021689
137438953470
3317751585
1234058954
16
274877906944
1927
1806710627451576
331168981
2142
156
15929712
65535
29301316
20273
96
120
892379725938
234139556066
36028797018963967
510
43
435123601
94
122
28089572546605406
68719476734
27151318373971847
3820652185189722
4823612889677
2514766962749212
3967626580
40321335
134231982642
120931706225158
37
46892464365078936
27075172837
179
6889118
81393699319167
771
691083174269493393
985280354340152549
32110
117
975579304965971264
204411759
11106
53
21
103
16383
7305987738873662
9299120550
668100738573748035
21135068107424146
4667456254073
2674564566
967060767054566849
846732695382
288230376151711742
2378
14310
576460752303423486
134217728
8796093022208
524288
118709290610850491
2012500505
524287
1065774333835756
185375892
33766740338073595
790871415139605454
727196379895705549
1067153434251025
2857000880253
17179869183
16832128
2672
2895
16523293078924
27808
9007199254740990
109319624855971
259751
27
591382909841121554
549755813886
29952609186240095
13855560295
1719352948486749
946901476323103311
548779768733
258078648335411
223382341878236
775272039382165841
930895673594
128592820377671392
15
67108864
118
906473072644456476
4011778083785261
53100
86695574886823
1099511627775
104
17791954
237240502
7611932
66028820411505
80
42897716067372221
768231340999943539
26110177641443
141
155819264416058
876102591524347966
962
478754378571462731
2044482104
462
81
58
888298593641486711
79609159773
48793882214248
10158688468873624
30323765658326
109801242234966699
239858692323
2539486
69
8589934591
654618
13233
15348919324
126
910898429532885524
1073741823
562949953421311
913891750879548324
1010028635
6285
123
92
66980604865
17592186044416
34359738367
27309298569154
447170479164
143799
3793894786
594983857638452728
18014398509481983
2412453171699138
12
254707195811543985
42767064550455337
32766
1032546729415921
536870911
47
914824279448631
99
3192248812
283
262142
5790109076093
56085622
68471
18014398509481984
18014398509481982
130082875957230
125
333422567048622553
268435455
125139229
3089
281474976710654
490359901394576952
48
39596610095184334
450388368531036
988757388585778859
20548283683755
953797473
669820024053876456
4096
45
133172270631
1073741824
653102400486178421
837277076442970270
59
32337764
60729238
8512534608483042
35184372088832
2087264
35852859553611
691871815256091651
746632347568946236
460
76648
83
136
63011125
33
1686694386627272
2097151
387386
602398005760270427
776015759720
2170205109985
13995149
20443733
367366544148052
90546
4095
68964691421289
1291286
67108863
186640
540881
20232194340
7547669
9
785687
657422783727747429
1610
16382
72
19
499588203137
887723646263
9007199254740991
3929656
630176980555484801
1253461474
87248
965812809022017613
46
3695890393017
40
116
2558166882679
613826071951789774
76747585112
2526077483810
82
2817105857
957493954515976910
95196420898902748
62870554134
406001821
776247512639861620
17629067005661584
959812019725326310
46216
300
36028797018963966
44687593442
4503599627370494
20
26326906
262143
176359705336399432
98
1442819685664
1125899906842624
40533345876
642018514
248940540337288563
771607142518491058
1508
1981
219769576691
1407234089483499
8
2147483647
77
135633895
120963589593
5606063
2251799813685246
822
65
576460752303423488
8796093022206
985932277
1929240497194532
672053554497838525
13721535143235
1641382
603
150685
2199023255550
521998036588
527818894
4036131
230
1960532
35155900570
949
268435454
14970802809885
17900806985238819
467797403691455
543618
4897
369445
108
95
208824973299651222
2111022885661
61
299158195
8020963472
5090824020010
956556212057024860
579417003870665521
4398046511104
54
731572715768806246
29
2237662987174817
94643
784168101670567012
77275892709262202
557003416581
23570577049
521052
93
100
179064410985
16777215
459352505239735
556
84
924310782945280419
15221509045263356
384888695820
178062266101827517
62096641744
562949953421312
1022
913859144402953437
8589934592
8192
522970331720771
34359738368
16777214
21808
3909685085246
1024
28
4113328965364690
17085
126953195
32767
769847789
5156005535883516
587748427147153623
72057594037927936
9459269
918222163325081020
4297474519025793
506092878
3402186403234
25
1099511627774
536870910
128569
536870912
12767
98751372
64
8180
291603524735586735
326
920507794397638860
650851679835
61885478235
382617180431200757
1079714109
240162636163511
8796093022207
5640462737
41
32251882
4294967294
31
76
91
230264743819
4194304
776026668932145802
144115188075855870
6704237354856
18
99913772
4933602189987
1199940278317
3986585
410136595079726182
1266748
71
33554432
110
1125899906842623
25800958046085607
150224908816589635
9734584155
9826354923
4926
385010499521
105
1604444334
11338661075991
1197161
653691797841461133
4503599627370496
256
131072
63
8303992923997962
50709441871665205
4194302
60
32768
878112747033520617
10818
39880265803382273
153179
219785
1910
1954
2046
898105001554093982
35184372088831
74477
39
8209435410
137438953472
5244
270389020913638
910836369260133557
127
2723159262315
689428541003948105
51
101
12387248281
735996286218892
3684194297
134217726
207148779
2913685555
956299957400202
264957808320
2097150
35184372088830
7071428
28424
10066
32674621688
108863251449
1471112
3755700
140737488355327
2048
2147483648
4585861199429175
8388607
9007199254740992
1331
245291149
894157310550395736
70368744177664
352880360321
677929799388736722
19583467
670
63038961
7201514913
16513268
523668
12746688933468772
9012557
468
611655958563174854
512
294197
7804864632612526
89
32445894793378
39040
229626381563116372
965481198
601340867163495472
68
886996040600445743
738329401869907090
143230690427074230
55
711071664311004826
1740240216252499
1383078383480
657098779224904370
562949953421310
34
936704738863198880
393
3330
13
97
251686853284
351964348
1073741822
288230376151711744
16997169
35050368902
17179869182
193254480774
194141497942322
4294967296
753872565152539
33363
689491915996809076
17
338201146871
2120127033154
745129
64422
2
4398046511103
1437294602
855
2251799813685247
48952844363327
23200397270
664156062609892759
38
319555954451170631
18784957284479
52029784
612457397023853089
6986625696
62
11701033279
1125899906842622
138316
1099511627776
2704070752930747
6300842649
281474976710655
1048575
26433124881127
42237
839906072789547787
19292
907142716994840820
31062
947559440986770822
144115188075855872
32
78
14277215829
72057594037927934
983326162412102198
656691184051175700
12121256848979860
229682847377414167
119
1072609941047
35
572797170
23
58806172402929671
272863
381237499878251831
2136
699169923
657663
107
29283386633654182
145645160
6687
114
65536
3398643186319727
8388606
997250617557360300
664434699535742456
107919451
33554430
59569
56
603586077572429270
3133749
6949580
17592186044415
5551811527263
291953113187122
2147483646
74
1115
2291995
260704467445
673608401396238958
8589934590
14559111637562
14460
932279450323050693
549755813888
16534686
42382
709827932626644780
86
27433932
4194303
27845647857
511
22
23904
135272461817
112
280973836793096
691781288333316163
255
34359738366
65534
662473904568407901
8064807
111
6656687694231146
524286
144115188075855871
59185064392224
2930
268435456
1173966605993
254
32535386713718558
4161791895201
8191
54974749050587248
66
3984089
57
9019
130540663663218143
119022526
22097026025368
178
1263097205
6912899677
107004200
327433
24095581650
1064888249031474
538106198190795
750032799351
113
4283539669760
281474976710656
5227
595168611563268102
479798173
1000000000000000000
921346225561800523
8190
8215372765
1892
293968948
158324
32981530822529
68880099
46739696430681
6940449
124
106
733444232630870539
353439417796342
16626654618026
3468633
113494068981
15124296570064
715415617124249248
925308562489903562
103913780365764
15213136166
50070396595196
52
739572
67108862
3274
1023
651093
260013563232989
473629432967701527
66151
872565454169106629
73
3712
90
17179869184
116899
1523409447473844
364657828940
1836647961
1655562823
138849
59826536
11
2047
14898487361706
493
935714613086044353
147
9798259792
923368667012781652
20304925453851
1584
576460752303423487
619082870095512311
16456551
50
44
15600
3187401432
272625884145760
81100899135426
121
546162911121529757
128310198673277
36
63678
1060183657062580
883941731119553901
14
225
108155143676
310
68719476735
5786
549755813887
4537680165248
7310972797347498
65499092589116
934812521765028061
399070107
400881
612304911640951965
25586402745905056
881725154647986932
140737488355326
70368744177663
197449736970951897
360001153776
8528966491
3937224385852
785427878628419471
990537
115
32026
17175364968775
69402856
70368744177662
4398046511102
10
4455223731127633
102
1217672663968864
8762269
13985402
959996
6124150758283444
246650437
305
6026
2199023255551
222357943077
16260289218777855
978343264358598180
464988
58171
143522403330356899
274877906942
31078765775
12875049984080560
15228908086833
37443054
17592186044414
2251799813685248
905383986650835136
32770419400852488
288230376151711743
88
134027041597606235
8388608
36601996226778070
2199023255552
262144
72057594037927935
128457453575763
879134259586402731
152842010
109
131071
24
4094
5319631
75
16410458
36171344059721
44648973
797132534232841331
763679784
45584120620
227888746885891
3658956
1
8763308102232
1102340
1302739
966800146668059383
18785623689
83393660261745
102435550
874559209932493165
5
49
85
1799044785177153
79
89307
140737488355328
182881007
8696
33554431
622992157074009007
16384
5500
56839686239
8617067300077
3
98175775658910187
6
30
914884589995581633
87
886
36028797018963968
1048576
4658058529956127
247351105718415705
1048574
