307
69
8836
9131
256
91
2350
93
1
1023
254
3926
1019
9656
65
86
10000
9145
9943
9312
873
8460
36
39
85
123
83
8627
8558
33
9368
9108
3
583
9971
1394
8258
512
76
8590
2118
1043
8741
250
8304
4760
4095
98
22
109
28
32
88
35
1226
5067
8436
8645
97
43
8233
8909
44
8496
8607
119
53
20
8997
15
19
121
10
38
238
58
8350
78
8793
99
68
8483
9247
55
60
8908
3184
111
1855
8833
27
478
9380
8191
199
61
12
59
8397
8333
388
8440
9312
105
9176
49
300
9183
9072
8204
2048
9522
263
21
692
9869
67
2
859
8320
77
510
95
124
2703
8542
106
9596
9872
45
34
280
9620
114
66
46
1474
101
9820
2031
9152
8776
216
9380
255
128
7027
14
7044
9542
201
9432
283
47
4641
2047
125
103
6
1330
79
110
9642
2299
9012
8791
81
74
29
8391
9745
8248
8891
75
72
1022
8626
8
5337
142
854
3751
798
8276
122
64
11
89
50
70
8777
9366
5885
9774
9984
4
52
2899
656
71
2892
9478
118
84
82
8554
8190
9912
87
8925
5333
94
2432
63
104
8873
160
62
193
4096
436
80
26
8885
841
126
9821
1888
40
1024
260
8533
140
107
8642
112
6789
41
23
113
8192
17
8710
108
9300
5
56
13
9048
90
8747
9300
511
57
9957
54
8691
16
8799
116
9774
25
51
9312
102
100
228
8338
96
8357
8969
127
9411
48
442
9
9427
9227
30
9547
120
24
42
1199
8627
31
92
73
9355
115
2046
18
4094
8752
9343
9941
8974
9856
1910
7
6163
973
9940
117
8884
8717
37
446
