147
991605891 32 171857207
362318642 521848581
281872805 40555162
141449178 45477972
94572996 711000051
114847110 198437013
143842871 717412271
655218637 177152267
60864915 472746071
169618549 64818629
299548693 560155247
95508165 487594265
405242013 194198471
348614120 489382377
815729318 4720738
537725591 168745128
519575323 361029039
348290535 502808829
196544954 733027504
144837715 579314466
347666800 317482851
811874445 112502403
34227630 479886358
152807713 36405002
218207482 480408983
333975235 214556461
299819942 8351608
444268400 196116377
186202652 15362988
111210346 781288421
664448038 268846236
121052002 211715913
116531873 818211429
24 3 22
9 8
13 8
3 10
546271051 94 30759175
30348317 500206510
282827869 232657448
335345326 114023579
77467086 109109845
77306560 130146250
98203768 204311569
15067871 365516726
265015879 164405665
145043125 183284930
94339005 397489713
31079909 78811772
74022252 370384180
29092297 489183026
100524244 62835098
489673206 6418047
209305334 278552111
53354408 222091425
230394605 58716511
291295147 81031819
157020141 236517166
27294978 474754074
355165664 47696892
33215422 350811167
201043115 33430641
41982420 281108255
121610853 230200010
202814426 294031649
391960095 3717126
213735282 308594551
179272723 295860744
43703224 34919645
457647887 45645480
18980812 72666532
29296642 154330000
14671515 415792334
127065536 297483308
255577842 85220408
42689337 378993024
263542987 59878953
54501234 60230908
70809159 217411347
58119994 8966277
91258744 81116439
10137239 404512613
72291226 104904135
269302659 176768712
224703236 199216801
42055896 452121183
14588692 225947287
254730994 167760592
164355363 19489518
9112358 533409181
372786193 38098201
308777871 150626933
35750140 141222252
28502784 272059653
235959877 84855124
89142670 256285237
296707655 76660471
95307456 89700107
214450185 296128625
223875390 321257731
197712211 13972471
55354744 461682649
80761976 60214612
40133876 206217326
53221926 441726980
221960960 302911550
56794444 111286518
75633991 158708431
68606070 184281488
234681502 268810338
81276455 260814682
85855210 406024103
361551968 13188176
78133941 3178728
71892421 125397943
272997414 203221030
91167236 297356840
152872038 286623535
470381819 19419879
164284160 106650949
250756998 249544092
76159377 176249448
167991494 210058797
41928735 352414857
182322476 186776440
26495296 499107527
65888430 55424890
60866623 447533941
17682094 80694421
96188054 253549279
300659293 222578359
226816519 189377030
1000000000 100 633856463
280363098 285337306
10271701 941660308
255832494 623588106
230622223 340721572
536501841 154148479
718398355 236923263
448039084 449903213
294921626 657834895
163157961 288055377
331004759 116645663
217364091 231891158
338190754 412279459
171447753 542001916
105544758 67210350
776149494 105222455
739722292 80235641
576058495 27693564
719030764 270627540
586081235 20994090
766686446 23435101
73553025 572354783
170185934 688664240
4347026 720241513
144334931 767265420
430700611 480835537
235448138 300435949
13297173 837756658
722901770 24460961
3053179 30149830
541487759 117289058
639691377 265536761
342416480 186300712
750406833 193486638
131015873 7687758
230080823 470419950
251730371 167863535
449545293 77735453
320138652 86694624
218800037 69625456
152898740 553396738
307769371 326724766
154126501 822548698
248172939 133469131
67101235 265635926
799685620 157988534
496972499 44828860
636535047 253603385
162187810 405704087
296962720 569765351
236465761 144808543
281580267 572178815
679269171 241666011
100346783 402352673
177964574 790003011
766890226 194181120
724942890 200509901
217148441 287080028
110333175 175411183
622624906 69950122
99898958 722400679
552604962 282271802
341315027 595971051
464067275 256519916
485381202 148474576
433400425 29699342
55264881 809699384
323946252 299016650
572031479 258442020
650650423 325725210
95776674 765460758
100203761 856570023
28630188 379136127
242443312 182963461
470070037 290928166
8161227 831115121
38570056 521892650
91269189 47345292
183018796 338257656
434557768 286069852
225659090 129726936
56602380 401771620
594998857 256537783
40023619 584047482
481235788 213084289
291692879 505897869
269171134 198817469
118653259 372358429
512585714 15020242
546009197 299337415
778588625 25592428
61367799 536187732
13673527 53649557
53348291 592936497
767642621 142596540
496561776 43606578
132520064 814850393
41802112 496547772
121454745 298742521
401216792 439962773
277389249 441428599
1000000000 100 36341075
646244774 317003626
51271604 699895765
713613588 32043244
48191459 428900428
226235812 554736690
4638673 697903985
11297987 186682469
83304575 171084718
13058841 252155524
564855067 248215483
24829324 392416612
264702308 506478426
768830407 13001876
137014030 456878193
236011913 638619125
378471351 11146463
901346693 46630917
688291692 129686812
178613368 254104682
339598403 407431757
181963312 137232803
202315442 302202545
299813402 679018957
308455482 189863144
14288967 651052289
184381090 56543154
117937434 648513850
104267695 337166623
18152456 574348947
472894133 274848475
305186873 161350066
156275866 1720332
430722557 134260130
357907796 485670891
642586937 141518435
328962808 197039716
33155887 37234366
185665002 748050651
492999046 29147461
45970085 183211285
470150430 311156399
86931428 827436042
442963483 274426836
146189363 121188984
80357069 149510125
278832111 418813413
443480186 446150451
447785036 531827653
118308196 39935850
537475750 370360471
193231706 31405293
503346465 394008352
37475409 815642931
678076861 291360071
666868355 330996492
273263308 702602101
75188794 3933747
175073217 804608162
97419146 156981490
34100880 330259518
265164113 28477310
56192796 645351936
420813189 164340356
359334915 527851450
848649458 66961392
563550543 362386331
129712337 711998269
376040614 92560337
206896006 25144527
771866512 160360506
573076606 39350714
458886073 123716680
291164570 173112607
720220403 202457005
505989506 279960888
80788194 104034087
811263974 3449290
148440783 275368589
688130417 20947903
586977082 495825
528671164 54047921
151945879 589446709
16475655 585602428
233394194 193107887
325713770 312781709
235096950 483306624
218676590 122986273
218934050 222669423
39920787 116270849
403062056 254611678
1617041 568596528
100589950 328675570
669159063 142803028
243890776 490479610
657640200 174277890
104609065 398938251
163512130 834921843
643124250 170063132
861212773 133744674
618522186 336650668
837656452 21 591733494
360347895 391599086
361157309 272958719
126848328 671032091
18086578 160202264
110195908 545815231
118222290 229867115
104403816 232888216
39116853 474852145
436420160 131843018
265233362 412003438
120191283 563957611
398649673 279358293
31024308 663086663
447143328 15192895
616893192 152890672
556015139 181139891
39805669 763568188
168839335 76390312
117697799 246974728
565226680 128692195
104974295 332983402
24 2 9
9 8
13 8
24 3 1
9 8
13 8
17 8
24 3 13
9 8
13 8
3 10
24 3 2
9 8
13 8
17 8
1000000000 100 363095366
266886383 712021667
439248923 400930721
205519457 244189532
328867445 328529602
58945925 723986105
80116777 905670839
349105570 409298701
46465373 437575576
238459364 597780437
311486466 356213694
241098355 145504982
9234571 731745242
262989522 60172144
87021953 573513595
401249717 322537253
416161039 394248536
5933426 332842053
170479709 633595237
586739832 282478130
806137809 78237627
853487220 14729146
8643158 14388920
475502974 121031426
441059167 312730269
386389797 146492668
442751248 23618458
6312180 300470743
15223424 945036910
504565490 73211551
533286811 307994151
797762075 194745734
722714391 94359676
523808286 8404449
122669669 30041310
105055712 389411034
284589997 675061188
86710928 900783682
345737299 409928209
462196185 70475141
24399811 184887382
528206328 52526984
49637053 412908016
495945209 172748277
120608050 543120916
129949004 718502654
679957926 310183010
857284011 130614824
363890499 315559789
879550679 45749234
81012331 12622869
89232335 739746491
537847526 221352430
156389136 69941173
380272435 247468574
18376967 427364382
370354993 88518003
371332227 335254713
664272861 277679296
152022975 144914368
403810154 480533486
147438994 581758975
20453115 563277510
521212720 452820318
873823272 21847774
873923090 78567325
689865055 108589165
13776670 102650405
99014431 61260286
76929626 511904485
173141580 170936462
138359788 399780942
355788723 532260174
229914027 595818318
202666951 734359252
699339672 50798907
783864443 163012372
520159190 262408930
332583802 37912764
52062189 913309512
454283409 52123867
712008059 139545693
432306611 110835432
267537736 271382888
46450732 612835825
28120152 243158413
433040812 161324967
215074504 29704783
337816455 323699791
217344139 65981936
465338370 151245819
413678982 11956410
643029123 346735483
41076302 591612369
228255615 120891867
177028040 629114489
517664525 32187696
108447849 213549695
164119624 312471463
25417784 180106240
448377171 273139650
24 3 6
9 8
13 8
17 8
1000000000 100 46539464
110123562 546137711
523076261 197534479
34277240 666692110
930651082 58413927
216025512 567923971
499459251 334967405
435705412 485222271
201260952 568402688
136835866 397254827
320963889 565410647
43438239 835721793
542366682 145750845
170500565 3013004
335986578 482821800
409114169 507365018
446882396 487662751
464477698 48234761
254640466 296455387
454873479 105433292
876879141 4263347
785185173 170489200
95554572 660613510
501971730 382016254
601719604 285580358
785743358 78437675
401261120 226821747
147692174 680138328
435116694 342133105
468389557 284820405
334765553 88013758
293649888 387436101
101945053 773906633
81113930 400246507
875719344 36031121
118530016 453626797
197927650 138407954
43696398 562575433
42133979 68464714
180041099 525312887
22232306 149778873
615859527 375522403
409467192 190770396
287815743 158892951
543744798 134023108
325345610 537105618
104710576 71137823
159234754 257028778
294295126 57020486
288212133 555311598
156405316 579394298
301777417 58591050
681274747 57314857
83478969 169145989
218560926 723955430
381192256 113206571
849501762 131047665
163021165 125249236
225160198 765018394
29923996 91949466
70679804 879671673
262403821 72622456
321876994 162950290
100939735 132904155
654710545 200083978
252698447 745653061
142170597 212413764
202998819 489993956
293195080 239607281
600640744 94295357
121524200 37576358
348693041 115841217
58522278 390735000
186573265 586943346
412133460 13283286
441326343 490342920
184509078 544589192
517893283 237357528
462342657 364677155
572062831 266671480
825291671 55985202
493140757 231734484
4277938 728535217
601589565 133711199
78798508 414929873
168440305 302905575
248397061 536779713
52568496 142109441
310840316 115502467
353834817 110321102
13536356 442745476
148990520 439815734
337719059 159399263
336143024 556145086
110603890 849201174
244725650 577111427
584797135 322996044
50277805 332711034
131765109 587667063
884557933 91438691
11321366 239555710
24 2 15
9 8
13 8
24 3 14
9 8
13 8
3 10
67501460 84 2624927
29402486 20669191
34949928 27160475
12919473 47160877
317780 9739157
21793648 3909647
5116287 3730177
1372959 18436161
11773623 47396842
64816551 1013005
27570711 16627744
38976940 11684234
27014867 40098347
8914451 8625246
16986343 14466561
6488787 48236285
11526147 22309039
37430243 23519498
55601116 463831
16882601 46037255
47632742 11377609
26273083 39881855
57593407 9761216
31520114 30095517
52001674 15053519
41381 53752488
31656341 8096782
4869710 27900465
9442329 43780985
19778030 39593160
27408164 20649195
45901367 1405466
51613939 5589186
50575609 10693601
17838652 10033493
33836187 8445850
19095765 40364741
25990340 16799865
13518223 553462
48962274 8483696
42226651 14799920
39527087 26595094
5229270 49756451
12205016 39033209
2292661 32443403
16628823 36798061
23146136 41223479
13439680 51181162
42175389 9663956
3769621 1242114
29528855 17324623
51331567 7995920
28227075 11074581
5605921 44464516
11834082 23726783
20206720 41662853
37670126 613861
54229075 9122167
8669317 18615908
5352431 47760622
501928 54594195
1158552 2039387
25048023 23838587
21952526 26079433
36239693 4640274
53581174 13286516
18034900 38052480
9808833 51944436
20778417 22986880
3775233 28291318
9601739 22532274
38550357 2008853
12134137 22076090
8196881 17314604
8077250 24617551
36120407 21774864
29438190 32633948
2118595 36755441
14585813 34591185
19543050 39187839
16704575 6816707
14044921 2622548
14372231 47013689
44641055 19889858
8253891 1303750
405715062 40 27641354
73175692 303217827
321965770 67030125
162301011 205285097
270362190 36215930
184337985 44369346
135665953 153236253
65040393 72632327
2084578 288531839
217945848 176121503
39509553 357358441
225736375 83472848
41178628 31703877
95526541 121486480
171357504 15979597
176267232 117411700
32410334 148085160
245960057 85889292
63648671 270560453
10391316 178897201
225397054 19353497
20482215 35317699
82508689 68270583
182423885 66226311
28127374 353141755
88822581 182068544
18526697 72372970
154669515 38939183
40770125 97064726
29669487 244941636
89135218 306317489
130003057 225664995
341163258 64094341
87152039 590624
37080515 318423574
220887813 136572538
83874205 87885395
138449753 57373637
214323121 133605417
97568363 204526926
180417708 189673369
912263326 94 258818053
111051153 398849374
261311770 139744076
218138231 29555647
20203559 211035987
118736309 702682750
361979435 94429823
127378997 523829499
55886557 219472197
21293519 888357434
224064539 543914353
758680917 146053464
79255589 65785878
330909952 166544889
419091510 339106897
347311690 395706614
608089135 225115017
564968699 306132835
305876413 482636420
432842945 58219238
86812598 256617083
257824501 89288582
551081870 295138596
55835952 530014790
840826686 68409225
119887714 727209915
523270 24194525
137389430 698823955
201242838 494034706
288290494 47907844
537748893 15817057
533607658 296509053
113565498 284638913
503405913 134250203
300985864 236494790
614442421 33459322
48130865 704892427
597854140 93836754
293742452 338879037
121624803 36368880
328157422 38452703
193952721 101967008
256339281 323428086
302439972 3654067
492726 241328646
560054834 59285107
166314837 560229044
499455109 398458308
339561100 518633995
119508214 23053279
144449698 580976825
336363996 127644557
81496515 740629409
98747551 601327867
400892495 108948130
106164569 41647474
428499149 361653572
212953202 693661951
100152042 384500527
364850302 477399513
119629363 161408296
58429051 49434717
129564854 74469125
327949452 419031756
462517834 406701272
362211383 92941563
300981437 25856799
54300310 672269354
718077026 159077167
357061408 200357627
324422038 194195739
273114859 624647236
687932798 15897609
539849718 277000357
227686063 381585530
217148887 666581516
444718 624731220
177374625 560859177
626402805 189770584
87952085 296955232
1138075 373795401
131175960 203375761
533224113 81164949
320349828 356836141
107415159 167321314
237867107 93287410
15767398 406230618
158846161 124735579
873117596 1433698
9439588 396628790
178297278 489885298
630590231 177194260
304255710 92928741
335818248 183185559
122347634 631065263
365892422 7 289552693
55833517 141618666
196835803 12769428
308527241 55131982
25592805 332885552
249453641 858353
155654616 203272664
240893338 25867145
24 3 12
9 8
13 8
17 8
24 3 9
9 8
13 8
3 10
439372815 49 46059402
25796564 251964894
199761881 14363897
172379831 124615222
102444566 5530673
77397318 243503433
9155274 229267347
212868523 88209978
15469553 260994284
67110094 364275531
2368079 112136367
8374289 66413458
172227643 175569360
34317196 170957835
90910279 128819321
417415888 21458033
253331690 52032928
224251041 100469039
111482911 111165776
125479954 6257401
188790581 193698884
360375646 42512445
35784381 120644334
210433859 57688212
377850803 21256401
174030618 23091308
230601674 117531310
261080006 35045950
80035661 317213470
154915120 138371649
141827802 294612171
215757253 127946786
5643995 356166054
8508820 176308842
74103367 364895400
105686250 52494925
295743523 111492653
98612566 118835758
203583623 216803983
130677402 22226674
14414153 378741250
112130006 147132404
7311956 11421647
56810564 158326659
57197675 344562888
336689438 14910752
92645158 87947267
60669863 128873391
141106512 185967248
275107875 100406794
24 3 8
9 8
13 8
17 8
24 1 11
9 8
24 2 16
9 8
13 8
24 3 20
9 8
13 8
3 10
479534588 27 391174209
296988452 151136533
178477639 267894673
184889855 43737995
96336258 173620381
310876772 13781750
307457455 120618283
297087880 124281979
238219992 30876668
168054675 78885569
210162634 83256218
140292793 163188709
42862885 304593646
61315644 169826333
36127747 372020909
148076497 268394611
155473744 26286111
290663003 158481591
247274098 190722436
224699547 184440573
205227837 255845954
5562695 177643128
383674928 28641100
53910052 300192718
290400585 165232208
36916428 397935849
15841954 357546271
353899224 28550630
24 2 7
9 8
13 8
24 3 24
9 8
13 8
17 8
1000000000 100 499999900
2 999999998
2 999999998
2 999999998
2 999999998
2 999999998
2 999999998
2 999999998
2 999999998
2 999999998
2 999999998
2 999999998
2 999999998
2 999999998
2 999999998
2 999999998
2 999999998
2 999999998
2 999999998
2 999999998
2 999999998
2 999999998
2 999999998
2 999999998
2 999999998
2 999999998
2 999999998
2 999999998
2 999999998
2 999999998
2 999999998
2 999999998
2 999999998
2 999999998
2 999999998
2 999999998
2 999999998
2 999999998
2 999999998
2 999999998
2 999999998
2 999999998
2 999999998
2 999999998
2 999999998
2 999999998
2 999999998
2 999999998
2 999999998
2 999999998
2 999999998
2 999999998
2 999999998
2 999999998
2 999999998
2 999999998
2 999999998
2 999999998
2 999999998
2 999999998
2 999999998
2 999999998
2 999999998
2 999999998
2 999999998
2 999999998
2 999999998
2 999999998
2 999999998
2 999999998
2 999999998
2 999999998
2 999999998
2 999999998
2 999999998
2 999999998
2 999999998
2 999999998
2 999999998
2 999999998
2 999999998
2 999999998
2 999999998
2 999999998
2 999999998
2 999999998
2 999999998
2 999999998
2 999999998
2 999999998
2 999999998
2 999999998
2 999999998
2 999999998
2 999999998
2 999999998
2 999999998
2 999999998
2 999999998
2 999999998
2 999999998
1000000000 100 276917841
427490965 468594455
395552584 180082914
809703896 66110893
16135117 522399351
298218457 701449801
199935698 165719317
460956082 130567630
63192741 603434169
6491395 437588139
473040363 439377544
515105843 349636676
868477122 50567269
798079669 6090432
79706519 540660233
617960296 177070064
210663969 410992137
118160548 322085097
152123932 497474225
119800464 676421708
557624845 301419109
848834354 132613917
73556292 235370001
152612502 127409562
624315148 302176711
257402947 16416438
231168006 64622218
68056926 471966956
59435695 361937779
556057499 28002438
313479788 366391083
830117302 42960269
421966518 484816784
544046867 364089572
614392628 251357431
594047802 316115688
120992522 766826091
933422153 27133748
58138862 341974737
518483833 370243265
674571397 24125539
37550160 99764203
254700159 24682785
601861489 124370407
250553790 12945973
284083750 93546241
409768955 397557931
205579140 115993486
21144650 718693155
426592116 112894420
236577027 484701920
535564968 325538940
144624057 439590244
476879257 87024127
266165218 253848482
42275078 495350828
580713805 311429444
563568734 22321698
259184139 619912965
388392786 475493885
874591426 17243547
224222085 365991027
239642907 171655518
334190557 354769903
82248003 605568444
383547500 482704481
103107104 256463043
511200104 74634111
300031215 218407883
759271821 10799272
688788272 120052380
606478752 100536207
193444920 312544460
58620329 509691135
388597503 439530078
580943807 325213469
255485040 698683207
203687577 779984240
147943356 181902574
66258820 558613928
295104004 3840838
30064608 794154829
143714124 283467981
487522198 88607968
376411983 366312567
559133148 48830328
135697906 526044918
459954544 46709202
253613840 584277146
311013531 589630877
540180839 15200132
76501962 804435495
850781426 138561633
368841934 5354031
57144247 131350444
18626390 713705290
29669959 773989641
16952553 28617200
615904927 209255062
213606936 47167067
528919183 354700448
24 3 18
9 8
13 8
3 10
388241781 33 73984507
97870087 43335848
82120341 140751991
111471752 162592863
135666553 218109972
313308058 2093806
220155428 29632239
144813391 89846633
46254048 295053183
62463051 28857867
154322118 118036897
80521558 24744333
84083340 208036123
283452545 91452812
131422600 150964489
501243 12075106
171118502 67058944
166853069 110094236
115090801 267428570
158306776 109413091
55981535 199579646
158580539 8997694
53131822 226713732
226909439 37576526
322982165 42844646
13805797 141500544
239923856 99604324
282228537 100524070
105848042 220977211
103068899 33260282
79645333 246937758
9713593 105500030
68969079 36043325
283172279 94320005
1000000000 100 769853998
62022074 319547093
176236996 348901960
175654415 445613026
844990397 32170510
8250531 582621098
542193439 446163943
375688667 257667864
433271930 260012693
518586293 264985719
96793104 481741888
664771657 241464771
36584436 86183895
654747460 169184286
301431236 489988340
734696103 161787546
418840130 325906113
578752042 214599035
285991747 599029713
145190085 303155450
192620297 593030235
819028725 10767329
59186703 270075667
20368540 700825767
125189403 685621925
252223978 227473197
397665395 471888685
502267876 303950172
336056425 427143023
238352110 46350541
480955704 30629166
465698356 184343731
207082807 347434636
269510467 595446034
798095637 106996396
100897487 672053659
440606671 96140839
34423817 420607107
812870827 146001677
216224566 222396488
234942651 94638186
258082632 282456463
59319993 638617501
655965716 263488762
620347416 375523750
412903700 416808059
45179256 319750310
382628400 253069341
268133696 619327006
867011318 120534901
404409835 595395050
659050465 214504800
49126674 273689781
409676272 582597692
162953136 343521477
63855039 620582905
664831491 141263784
63966138 851750731
198537273 609412699
235969901 645526903
139293875 25107078
360464969 20601418
361116141 74524621
360091532 616375920
458646686 522821424
416502310 579652956
548268010 450294338
306561997 23350314
557911184 350248173
583673912 119370279
31514572 707127984
321257661 669921280
376114500 551119572
88440511 462349813
176395786 481357611
159381869 338348057
414984232 191578912
50371060 378185705
260799579 690813018
154068880 794764879
143195719 517637614
86957622 367183033
507977489 66184224
150874439 389332934
39116070 1291810
173858773 817391023
116505836 735265829
3454653 718011872
17167679 404974115
229478432 357042176
458616291 515227032
327656435 359310841
356856674 637535758
635124180 319911044
220814555 386652932
258364681 541334122
749072761 58123695
233741747 493859565
181994362 495128374
467251588 418283571
333045792 590949543
24 1 22
9 8
24 1 14
9 8
798117344 15 245423672
180278598 549527765
154568074 111506240
60766192 365005703
767701816 20212978
403165260 68116710
230747495 443676386
163448381 216386314
57450666 377146961
359626325 268569462
7999021 52856736
141864940 541235011
456434065 192081615
424220702 317907460
496168888 154238058
35643660 208209334
24 3 7
9 8
13 8
17 8
174089513 92 48414475
41173843 91693308
88076967 30167717
162623759 4711935
28912371 112350970
100905830 23791809
99639537 49043956
61621294 26428909
37025841 23601351
36354090 90000871
29183450 121287103
3044450 148804779
39125817 48780878
89282743 57703479
576804 36635439
104905787 65872976
139512344 5959271
23123725 96559375
387480 148931668
34810128 130708921
66054858 16300642
121262886 40628287
42262600 72323397
21669627 144279390
110988838 41637715
97117184 71488488
20998959 68435317
6058256 83206436
19746535 54523218
29628181 67075345
1589453 81750998
66987243 65602762
51407285 31958335
9760695 68238026
66018743 102638223
43918427 68081652
41705078 122824271
75637067 54093014
56454206 536904
80200636 48624655
105669219 56218513
6524622 10596627
35466846 76881337
39793135 77197826
19133102 55682825
135523539 26144821
106981854 47882381
78055044 81682104
76607018 55758810
54709829 66162927
41749279 123658296
86008292 60313493
32533559 131494924
13211936 119463285
28834108 67955137
63472572 32861407
9777718 7548727
21624032 145916687
62491829 52452514
10073149 9965223
35958273 11427767
833344 140648613
55454691 95605809
60449443 21268034
32714830 36998913
69557032 27966563
43385906 70439685
48132049 4431339
48201817 29309307
35994542 127019225
1501661 152838518
86851661 86550324
57350522 84604743
19154792 55689549
5244700 21798856
99830861 4111368
52838776 110022065
80458841 59844521
27084802 463025
53540995 65015644
115253439 20364751
29128271 97822070
135335846 25487135
57050696 93420439
127481581 37418327
150331200 23528933
147207863 13782023
48972106 31789862
155585785 13616513
27675650 66435059
54260861 63056056
121590904 5773231
33764228 63465912
2 1 2
1 2
24 1 19
9 8
24 1 18
9 8
268433224 63 214386039
200909958 6400642
140106607 117764562
35369848 122629474
61327374 170238766
1198692 127864012
55389675 100390088
18883391 207849479
89088039 65445374
205095701 47249300
97076024 100287006
156173213 73725233
79809762 95744433
104554638 108550009
48732340 88066018
12571653 90044806
24156664 127261788
105787659 78969847
43364556 176929085
29633261 94001448
13597967 44827131
22593430 141490531
18598294 50868992
9806199 49847257
8579943 39809372
16076067 2072946
1501850 14211371
200756451 61028046
116314560 35380211
35587902 80020813
57156043 32614309
49710610 112913649
48284053 125991805
168005052 43563980
116598545 72757077
146681471 23928694
147029641 31362587
65171889 200214617
233307944 7730519
198827301 60965303
82446260 36332053
179170398 26322105
98841393 136978515
35084313 231118325
57935187 193231419
17594023 820856
56687579 44936653
58473093 163603551
107211207 118541106
21376976 23506600
106675525 38763875
148689127 1588865
41267087 137567071
75922932 27136676
102668368 139691608
79965610 63928278
76569682 41659355
91977645 142046455
171906346 42252234
28351323 203002519
139041551 66756404
213422826 7052926
160756622 15906139
97205053 145447937
24 3 11
9 8
13 8
3 10
24 1 24
9 8
24 2 2
9 8
13 8
24 3 7
9 8
13 8
3 10
2 1 1
1 2
24 1 7
9 8
24 1 10
9 8
2 1 1
2 1
24 3 18
9 8
13 8
17 8
24 3 13
9 8
13 8
17 8
24 2 24
9 8
13 8
24 2 20
9 8
13 8
24 3 19
9 8
13 8
17 8
24 2 10
9 8
13 8
24 1 13
9 8
24 2 8
9 8
13 8
24 3 11
9 8
13 8
17 8
24 3 24
9 8
13 8
3 10
24 3 16
9 8
13 8
17 8
24 3 22
9 8
13 8
17 8
24 1 16
9 8
24 2 17
9 8
13 8
1000000000 100 664879071
809739579 43262346
475388183 301536670
3994715 947540231
499669090 312614879
50361970 440700941
429369093 337193956
50401909 611667761
334288098 663508384
334682639 225942633
465207389 202679534
145546718 385500099
219204335 456317193
257515305 615219898
123037148 728176266
681819565 41350009
14224178 923186386
590119483 381344658
592518813 159099938
609388546 133749690
168763901 25095033
239921220 506586901
23694445 693973329
105734258 757779463
183298238 641359372
126272385 872712106
746019172 47495911
156530934 638106828
38879054 491647316
626199699 50513637
831284090 992457
329280009 21076228
130840920 132483324
134358775 367948848
128843218 269151396
337395780 120965750
381643712 319276538
647039281 82939590
570803090 404255696
468966627 178864351
723914593 154542989
560681672 102716465
561664961 426788058
132109523 574417628
108134533 644325632
60866135 363931191
52158144 275620561
156049244 699494805
227430526 353888533
166414338 718267350
440654193 218042030
647085764 71054999
578770021 384620241
538954378 337344557
17241439 835668617
430414737 66146510
410966016 585595323
601565411 148171774
790873048 94510290
374322363 437576618
212172200 275751827
217377213 734404627
376386750 64587773
793325206 179767064
136507971 440927461
817777068 79390617
480895912 434139120
363686475 479638723
292446228 57055664
408642543 464952210
250336967 366300661
117280308 487852593
620482763 139596577
504891635 471777351
194783506 237778747
51530219 222313880
845413337 57744433
309895109 66429121
452679261 352743082
375162428 585736413
637771576 179969850
703074955 277730907
512342143 475541152
89312456 869539920
257838275 54381207
304677975 168316502
887713902 51612752
910258449 76519926
672687272 233611282
216845311 4005072
252214351 537093586
716179403 13636364
8792237 392562258
517542536 211112027
197202267 620763457
700419821 134859847
403611707 535524592
586841323 405744338
212714139 87077313
729904495 113620945
712110953 58288039
24 3 6
9 8
13 8
3 10
1000000000 1 10
1 1000000000
24 3 21
9 8
13 8
3 10
1000000000 100 923593029
588290536 140802916
513662707 5687809
31655984 207706982
308909007 207560833
102913235 520754292
257730307 325295091
63972737 414877332
430917724 297881940
552654105 394777532
311834324 166832984
54737850 120730596
122412998 124104285
8748868 896901102
219607890 666817429
216283770 1534317
726464367 17727354
317514842 268507795
94527822 676509183
14037678 187323420
82341748 548657399
173411546 118767569
234432558 610337845
599944094 180930955
134207629 295794130
38019176 142689564
163882162 598730926
440856495 252054037
560236414 189377198
446930804 180117577
465708527 233872515
509776989 336033561
480526406 424383187
569794293 311324763
673070375 8436155
649177733 125975902
89106409 30924870
269837500 604537734
606563883 387734987
607043311 313862159
288733357 347570161
103021869 395025246
270206555 507657038
6909888 342143625
547988828 352967253
342095136 18973950
645421520 73603271
397899036 101503930
500252761 424310122
14153661 201415681
234631522 418498353
170653042 479933066
308432601 284635990
420271461 166204643
336065645 81618898
424507625 60089000
688666958 269470538
37505783 653146489
280818779 123464385
493179644 474933521
516506537 132126202
660685481 154086601
413296106 316589298
390859175 533084211
292659862 615939470
828335705 162213408
459031586 392245579
277799271 550369233
81603800 353755553
809122899 115990002
714510811 106724530
566929710 99190513
839307493 89069014
554527352 397480583
206158931 83270203
242834153 471041108
41850035 745521187
179850441 544462556
46950388 206762245
327542995 374371228
258848785 393796894
292934329 367248364
27729137 573620927
68432387 417040838
187949249 554949798
585879902 5055678
717347920 78566846
869806428 182050
14608438 783493943
88549747 405268904
43306661 464821180
425667002 270769999
402510840 338762650
385221973 438320266
588998488 112772807
653526461 279015750
699137763 61615535
846047062 29712108
629370412 202822043
569431199 152674499
278808549 274855286
1000000000 1 1000000000
1 1000000000
2 1 2
2 1
24 2 1
9 8
13 8
24 3 21
9 8
13 8
17 8
24 2 3
9 8
13 8
24 2 5
9 8
13 8
1000000000 100 507580935
260734718 674416640
218923609 287278674
728560011 25343425
90822035 160552857
201586268 655707642
177702779 596370483
826280003 14296101
740685805 128223171
676806266 267825628
284519122 20150026
215091021 382022046
39514676 237436974
7476309 786426750
136711401 210590017
113424828 304547347
548070575 278660929
170967165 757463762
899153703 44724596
13480299 895740111
528041592 356481451
378366243 89068453
64276641 665855381
396546134 490126944
486890915 433624057
280164400 418696085
100798443 471132136
125924150 802414138
200161932 495815743
761272999 212498111
344183645 310615003
59667274 246604749
329076046 590389043
242817113 350661781
73418661 630169449
495503925 464206617
505964368 296857152
87261244 232562749
451697348 67311924
770462840 63888668
241096271 418646257
383167562 308087263
123784580 16264315
375927065 435021508
211179399 713284122
108071567 430639029
246442974 177346425
28414715 414982567
53627477 358923891
227030789 711621531
379562498 610956323
359061993 99863908
3372475 226403993
450090322 189802927
276475337 318388893
494281642 45620193
275323264 515318627
35400279 298151638
274280781 300392485
334707607 301332736
43901053 224763583
107429019 6353909
606080566 178437188
430162334 466896246
189657228 635071124
241641335 224389181
467758497 28772006
223525472 184243595
16538145 384078397
289689192 366193514
41433516 4480396
846073362 7583751
79112396 567085510
488585674 359447748
81553269 523423732
523170647 90209188
313992815 283700225
108637090 369111452
574072746 241168117
552028950 84459307
545577836 226483398
141347717 299227533
368395382 287603855
293905226 279631085
631307925 346083847
362890557 310358923
396889232 554174493
379511750 428590733
823483997 122673367
103019592 200242613
120892188 350654141
82893360 69851297
279797857 585650218
61097327 904251413
258495428 272784602
141591301 764113278
34226121 10594762
63077334 238803927
503163555 22632165
284670365 539290125
94107954 102429821
24 3 19
9 8
13 8
3 10
24 3 23
9 8
13 8
3 10
24 3 9
9 8
13 8
17 8
24 3 8
9 8
13 8
3 10
24 3 10
9 8
13 8
3 10
24 2 11
9 8
13 8
24 3 17
9 8
13 8
3 10
24 3 15
9 8
13 8
17 8
24 1 5
9 8
24 3 14
9 8
13 8
17 8
24 1 9
9 8
451142541 46 177518485
257014517 134729920
148198739 220862703
82666090 132990815
129762960 69429939
40570863 305090731
39209537 209466593
135933321 162875853
17530053 256318679
88056707 94359788
38937764 142594476
241304528 77724782
14347246 353557882
75137697 58396804
125541347 298039478
135292364 130431619
38661296 249266415
159309643 163417553
252553277 160226860
224012063 179521670
14673421 27485302
40709643 240242160
140307464 295651787
6190827 360650214
8470616 271888621
147501020 177701033
57655840 25160918
125540664 6408730
12946034 64041960
100116339 326418194
183756501 31784026
181165931 248859170
203670557 88073350
330068801 9140960
33476489 363544180
208563499 91731260
342383407 56929462
173808144 92044817
229839040 68274669
33889971 73820140
286149028 135316463
61145811 274209763
253481109 14013640
281954693 30813425
136406970 239471588
198955547 28983086
47100405 2120220
1000000000 100 779133747
482144056 409739918
261727364 481775492
120522902 8775901
200235283 518669790
151201285 681673404
798746732 33985592
232155800 698218453
352816981 215737143
312834555 552290778
454248338 59863767
179588692 265668475
571865015 91188279
783085069 166165412
239827700 322244235
98432114 881611343
902984549 1926490
395369446 250103959
444088079 519625850
90966137 605715225
896047932 12617261
95498712 480217532
875307728 115493824
169061184 4603980
71432745 331563112
846942498 139384482
280260619 430095363
61025166 647585752
704119893 120986726
58119133 252372785
284617634 289800156
1893715 906891812
256909476 455556324
511272880 390669235
379835569 422412552
468896656 105820850
93728481 279514180
98601144 160978777
409320466 486898957
425147550 395292951
203759344 496878152
7831609 960925378
719841056 92724347
288955874 230423187
255009302 453808738
279321735 705531845
260311306 635959658
11634200 904515879
343057452 61180905
480979703 325736178
745459135 30124250
256641839 38877012
759884129 9620055
96745294 319610994
424068390 374427266
530668226 290376287
503920818 63304069
322426237 165047710
169938969 795236893
81686875 151359405
202980992 346065496
629617399 334055546
399389483 369270792
451412918 327592876
609266321 233431001
382899375 419407827
813624624 101816623
533825340 436085905
341162074 192520440
362428950 66034110
118538853 462929395
259644870 220858724
842562926 142594660
187462708 770429060
921785594 5114225
174221115 679155639
28573896 429742029
21122868 189186381
3351295 88729562
184065593 329496493
118147233 280547511
801777203 64876550
765442094 9818074
160648491 792164246
407291707 515348288
404511446 28747554
105882675 623845649
124269421 823154007
228725228 464142986
397603554 476797676
94284859 15528209
540812511 274631190
14676455 655625973
850786911 126219133
86590514 488495408
128110858 114473760
395841922 472180603
661176603 95155086
99802172 306352935
323401491 9283653
410700796 293161662
24 3 3
9 8
13 8
3 10
24 1 21
9 8
1000000000 100 664587882
475352920 7303741
260608881 726151662
88679530 632655042
345154997 517383126
9626970 435150615
33827160 490855765
300660554 55227858
188803320 12624195
572217901 346136088
148917397 504668340
732618734 53137636
134645457 373173454
421654747 244853197
801875965 141858073
666676286 164113263
107589144 321711648
176575180 792780945
62049171 419683686
123685187 707323596
20982686 644225462
112477471 405324509
294362046 210827945
309301436 601324096
314219099 461129705
102541952 470054930
26588742 194107117
11876194 349545934
189098238 24948706
461429029 134199536
263932660 663755458
270069990 619303003
351402257 181192262
462045499 20219294
216062481 175743513
45052656 772440271
235918951 609837290
187352931 660378680
338912039 595090533
190851063 483390950
416669973 23038476
176419522 238893179
250640904 235570625
64072631 568894494
687867372 91152252
282577179 531494486
756699304 79407301
189174575 329490521
294007620 642853632
814740013 99469493
400533550 471564984
9248038 549650910
429859893 84926786
128637325 558629474
345467830 8818826
567986530 226539652
446973438 386232276
183253728 37871945
437167453 133856626
68598537 813451051
225079879 424929789
457742577 119112638
542607149 455630551
387032589 362933315
22277783 783342139
64978710 314644930
694471537 67024675
316462217 154385427
93639097 144719576
384433517 430670573
139144059 729884419
211228220 368670033
128669809 864587332
591727430 304963271
532539919 3129797
602926334 265991028
240535839 355310353
494193255 11031228
52013875 332146344
254992534 93958740
475985570 179179159
623367825 15565395
458529903 320026774
209615101 761793097
358140549 555249112
516629133 34531483
413930162 552977492
337113737 546258139
182165966 143377504
100728113 377028852
438983741 74039524
161427867 463166738
584174472 159120331
569315897 152924707
457847761 57472787
539159688 306165728
649726760 233804535
9700450 199169316
107162066 41646952
30975050 737452461
631586816 9713465
1000000000 100 90181870
229878891 158704650
249320231 719358484
433856375 262969010
202454055 241057719
264482183 13620075
129871335 472744301
412266761 342518634
817810826 17959752
355800250 96281152
561141498 137115929
672927756 44395451
346352851 329632869
414482220 281996791
458114773 383162667
252851168 378489101
517310316 453842568
644897905 316872131
212034696 595840051
342629393 490611709
474035337 256405003
174675651 188736282
572143601 196198487
351758803 632824453
765356792 15016358
757618946 128597387
254172384 138939538
534857964 366148935
188388519 285342079
429202955 522836201
369996066 138793791
500178093 486202049
755553067 16438411
254512854 181140249
125259249 642561651
141751491 14793902
361208768 9559455
679327462 65766104
144419560 596076472
911629430 44031313
247437942 376904708
144365552 773599303
825565898 123820359
484300513 98409533
327968889 413718814
376176491 306145239
489297890 335541303
69852685 346697964
184537730 647149636
187663030 553980353
521347143 323393051
127389243 97357682
399162045 81464795
415242280 131991352
243220699 120604580
294103695 489916499
619032112 93513114
163597649 4214075
778859274 201153089
500757073 297111032
88873764 516644509
161593070 514913151
610238582 141808090
185333485 336083655
592261545 234307361
18891025 573411119
2571257 653979329
455739500 507792860
271669762 48243758
310054724 22814209
199671180 432757968
681282661 134157668
512700676 81535663
44216634 35437977
239849016 234474865
254661871 638309511
217491586 691760790
86937669 443791682
267586597 141089514
270109347 159562364
559886190 174295681
668326378 316007073
432185886 51013729
124294449 409930176
454037529 242167122
90227995 179761121
558907708 26237272
238310016 547889952
23421975 281556512
211176903 450755796
730689609 219783865
515248975 327963498
252939201 360969613
676996542 146606565
229020213 469709939
456747470 476765217
185396157 756834058
643723380 227377800
400845199 398701703
791178837 193343748
293140750 155647190
24 3 4
9 8
13 8
17 8
24 3 20
9 8
13 8
17 8
24 2 6
9 8
13 8
24 1 2
9 8
24 3 5
9 8
13 8
17 8
24 1 23
9 8
24 1 20
9 8
476879142 10 234022188
21671273 66839009
102476537 353828095
276465736 51188424
303017458 12134923
166816141 108931394
68528227 201110865
12341624 132890473
324684259 150665364
15674844 86165887
76330472 267114485
24 2 19
9 8
13 8
1000000000 100 501520230
455772272 9499483
712406190 27287134
333953188 271347180
325832053 394616920
130352286 296714385
103016817 220571833
433960406 123444393
888395828 93726001
662637669 301217554
580665197 258570163
791294887 69268201
262081895 515349798
666464131 154015099
784369515 156503972
70094948 513197401
896490507 79694045
109973452 697485609
399034393 469836281
442429122 85652329
661571919 273648861
601660607 10556436
147462120 594684323
312998273 467895239
465494704 44655178
4487092 209476503
101526717 504872847
747584906 33920933
287650877 63106408
214611462 561386504
21571401 58199557
690829293 279169354
134538164 207483637
406952992 505105584
239817337 470566528
403441138 240845173
619071285 205057802
345091149 323442607
58016629 472052378
650582211 169857698
38414857 579421609
4410533 960822708
264989969 724367716
297911594 81764423
236029396 138924758
573414140 355582981
261860469 140723015
57349427 862890872
408054953 266379556
601116011 298695865
411418366 224352222
127646104 304583088
53109822 239064231
225680971 243960321
355145386 495025084
26311776 419684627
58342587 887389988
126866484 220624249
158251117 472378769
601571564 298243370
11653602 895754934
131405376 850786523
610632919 317641269
30258655 489821831
277217041 703827333
738214325 1469106
38446692 211819272
821080490 73835429
296510979 172623077
287132768 188736584
241129035 281342890
496734712 421661456
339930243 599964583
360986699 378436010
24635432 686018653
107275161 807727870
246158452 342173815
242021865 260345041
116025318 42523824
409381461 568310411
265464276 627609428
354704662 537907906
135101555 724270444
454422295 400506463
917276938 44461696
399541272 433091978
54246159 684909761
243498030 458273523
248731549 327323552
883228017 37487426
41379192 400117907
477092212 223113958
302969949 392402256
174718466 433159648
582327806 66411918
533725578 439623142
759027528 71461512
248273328 218457845
254435902 494970765
56213290 580853680
482422537 411317757
1000000000 100 5590475
243325348 727865773
141091031 231454371
70780995 702625806
121273543 578123900
478154374 137554294
943781848 20545948
651557378 345625429
88110881 243033841
606828574 319240714
26307932 473129447
332796294 416395505
287255956 406130149
171290051 497045389
300510105 347119307
357672749 58965817
376056133 38826881
133272470 632712572
241673381 31917781
535821795 433814779
675318841 18657736
533330884 143533096
37603482 372253248
89368429 567855955
451961074 366576110
67597980 105453827
240983519 626555907
187442013 323730363
183701096 740250222
62305969 278576969
286463545 301522448
164930417 506525220
278220729 249347213
527292551 27551868
18064645 487728561
138662574 314215280
89832160 283446789
139449473 33594546
787376542 179266628
263754536 290908885
722636612 98855436
424307390 116442044
907484789 15254829
323660564 24626293
93224884 232718364
327245473 269104899
289167840 461062632
403782399 121995599
29791926 172095940
18620422 352298399
71916634 79695111
768071904 188997610
476651217 179816891
47276960 726420835
188858248 619275923
2447579 930596849
472827533 438756474
33814990 711589777
748835494 236623471
54890913 343949788
230998064 642805315
417321195 550754034
306050044 23618129
80244634 853525326
635216297 270976041
293982555 327839933
807338166 132905047
894893985 4090772
177568868 714614688
163953635 730965272
171074389 182154981
435470952 173473105
166640446 747874841
453064449 255022666
292976973 703598315
34600749 626449367
335623254 151783824
22531909 944037879
359861672 462572860
68305406 882835584
141036372 393778513
513803477 112631629
521092919 129652048
176865255 377241136
367208821 575331260
190985016 578424448
123110359 313406036
149277186 250780994
200509017 503241831
70821778 918989113
757193454 41593975
36275817 714228908
608599256 290585074
306300673 559285726
156548583 649662190
139826732 279411329
248374584 364471788
404578593 66179683
25174422 552229535
50914917 29133051
432319338 491911927
24 1 3
9 8
24 1 8
9 8
24 3 17
9 8
13 8
17 8
1000000000 100 373306692
417795375 156571040
723254612 121763979
157184198 381535381
183106466 528968764
950730321 37790468
243971495 203432512
620681437 68396130
18618400 980458442
670611552 106273107
321006612 78583493
84523902 178759188
536086149 415304488
220775482 392726448
563482451 241402237
77482651 635019712
65692523 394932312
695410785 171604345
367989156 435355941
178246344 138889610
403615310 180826097
84027397 236720807
169364709 246047330
645526966 51881287
93607730 440615783
200601805 8998142
869265833 93431291
258716783 197008527
249122200 742609319
173300825 669288005
446758673 14245378
49235894 98167851
285302807 293626729
639762850 269898400
738005924 165913900
146819911 464230883
444502854 538247560
42497401 797474534
864513597 53020429
422498946 8301126
4439365 644972585
428738434 114751942
341815405 283882748
174868176 5511378
672235406 50253695
974544289 13327610
72010165 262101560
1989975 897882438
714960496 204248403
272424567 648234954
298008317 73924995
4798243 177731312
109568930 570744837
5824976 781770119
110663973 318443091
212669317 438279251
271544550 11975348
128347772 270048826
122302169 208567242
154876103 843131217
191745341 287504987
925089184 68479976
397358093 306378139
701333071 804750
26337606 415328904
87131508 392737842
46414503 789115753
30193004 205471580
582067991 205119637
834494791 105061104
278347302 427175976
122526409 662741180
80742456 668707536
601560241 306195671
337854232 175474367
181746077 204919223
495737585 108845694
545820790 222054061
134253288 737337386
506254582 126414544
233242181 625317927
123188463 701471745
168810409 202063440
165035017 302659724
353261770 546697497
500631621 402864749
613017967 262529162
115547105 434303994
400387081 1756624
192948616 581122997
126887482 641991290
653814118 89132788
403320154 66394006
574879928 83880593
110968391 423881082
577857962 375933347
37257078 872192860
250080937 34568968
863960468 27924953
492764742 33172902
661821317 87216326
1000000000 100 659952949
224403994 238588019
874710883 35068372
65672526 872914014
152728852 353768729
226464636 541301218
152326388 594989713
218541933 10642441
495147138 47651402
236838587 358962833
507881848 341382970
633176811 333952085
133961496 839190539
447840128 461446662
259664475 477646029
577268905 95766787
23460412 259031691
147564113 195431046
796099976 88892290
248164863 297798920
389050342 424556483
38024898 286321268
237499417 543206846
593284497 305604621
13563347 418081492
228184100 587463569
333632930 171487138
521190100 96346370
23724118 46171344
149070553 596920549
120342129 719819156
328959986 552223292
756092290 155514435
586819173 107649223
4709370 271303180
428772477 102608495
51692159 321559659
524288279 378553400
436500464 416540799
89354462 675375075
405624440 509720441
314783692 88584230
473574306 512015033
37380797 757580668
151967772 551261337
353497708 160344563
71460302 166756269
195897749 797622874
281249427 637943799
364099241 409605979
344047186 452746426
156067516 338104603
79411682 792671869
122811781 137143283
415361496 331769140
547462190 169534255
691502679 95445725
287657618 709642404
274359297 615808777
46091496 439527649
389745064 78947447
54498467 7718121
643871946 182199363
190305006 636748027
63728777 556135415
606232661 49472133
210959971 695007828
151463590 330956861
882765382 36131967
219569940 486017215
679337878 305439255
194967794 681524726
523208031 242029404
313513924 449747796
39007132 744747928
249591826 409166424
226124462 262469044
359244377 79650807
707951669 70013289
799520032 56557339
417602777 576041576
545835752 374281535
299546643 472579065
523649615 24046841
107471792 832586994
305159609 250255464
265793140 687971081
308458999 416485296
7035518 559177356
607607610 5847278
169451040 603807017
438579921 106873235
161694812 556965132
365850158 263922778
132715324 589186533
270839525 698109710
122480087 856869209
114707158 15637733
481222399 57347547
814565288 176173927
95904137 786250123
24 1 17
9 8
24 3 5
9 8
13 8
3 10
24 3 16
9 8
13 8
3 10
741375437 10 642571420
70432174 119554561
32199616 574718300
450932412 17018956
394109992 85599358
350649342 236602549
154689088 379396492
24454006 198804114
394461949 152668116
65777460 445324688
190276816 302102609
1 1 1
1 1
27072016 57 2940252
13780313 7746110
22522243 3684603
10936493 9173008
4050868 6171991
12202011 9630047
4378833 15981924
4057375 11468599
10971168 5027222
1803918 17762922
6984064 14739827
3959386 6324806
2178039 797537
7246504 9682474
5434982 16326298
6806641 11154950
5246560 13607740
15558134 3550692
12899823 12645036
17642499 8657337
588253 16181951
16261408 2742277
22485312 170453
2081580 4492689
924204 14014973
2548270 5849262
12026525 1023215
5432453 7686500
3372007 15139075
5553887 4504352
3712764 6641962
4687567 9699924
12972991 2329432
5800648 11337099
3585829 5966993
11036361 6465532
5975631 12473303
7159820 8806435
9773327 713671
14762455 5898370
3153209 922668
857158 995557
7862513 9124689
2691562 23253522
16041068 602321
8778267 11266446
10644076 2982664
13029135 2311786
3730882 6301755
7994077 8331781
24829990 957952
2867774 12700055
8223569 6287218
18733118 2272323
2789169 18844200
4422701 5726497
18570376 3201236
2371162 6687894
1000000000 100 471714161
153836508 207433573
344738002 175935935
553300743 391483743
287309065 239337278
819008930 58742561
203322663 245513627
705177204 118027269
526058218 427596478
407568540 93095830
210740746 312455189
698564329 109648690
439967176 320514076
373874120 350775307
211241911 294152953
25651224 680102884
525938341 460677330
625772064 3863016
287555884 699033622
46397321 513725171
59490458 405674294
382720687 279927895
96888472 719480478
107472284 481658845
198065975 543212706
736504349 24430780
259359759 504785536
32387967 49075357
324267221 438664683
123247186 323641322
254258086 180520153
510844472 297944391
739146505 32668257
32854876 437022240
240981051 466442500
74412672 418088567
108586562 173361819
436622705 211582769
539777625 115520616
314034031 301735358
565928847 71126206
490589633 235990679
145841502 95632630
25207424 880302550
584121420 89183927
73462233 414668982
123875240 658799157
393410839 415827219
859556257 33048518
303785056 201933160
169845136 457654989
106225555 671782628
77835908 737194091
512930070 18112009
308261211 187361613
438165089 252345674
212461583 170365102
33452335 945582704
71167379 829813493
112714178 195349746
45156824 190895297
118969934 110415062
62870881 170759850
190142310 238817496
731205336 8364470
547223788 151189716
398043161 312063164
258623454 718075847
186203013 184293587
143584061 560374171
159844058 651538237
284715355 626638448
721045630 60609027
130298901 158404900
253436204 612767097
321434120 581385660
7853804 862669779
434454694 492779202
16703451 36844255
610205508 360571430
581212233 241985601
743085014 201838089
145188961 464486501
52190464 623601135
133690569 300023239
484795354 472237460
832263432 121047269
566731847 176855737
530935285 416935735
935182 242541804
672298217 269850906
8525635 512401075
43774530 622404704
146963455 470564457
724204056 163920147
334579545 621457881
666619221 143613276
529593344 457439330
241056470 59405419
288636680 257826796
925292369 34900601
24 2 13
9 8
13 8
24 3 12
9 8
13 8
3 10
24 2 18
9 8
13 8
24 1 4
9 8
24 3 1
9 8
13 8
3 10
24 1 15
9 8
202172302 12 145259966
79043693 89867252
96791496 103486961
110516300 39753473
54755315 104670251
102005202 17142152
68509551 89841486
147916125 134867
60986666 132798946
13471564 97939596
102493554 38145450
101332593 57388135
99785623 91182092
1000000000 100 89237973
507386084 465074066
581215875 359692310
612689816 226329385
561307015 201322902
580313002 239691374
51536294 30553491
441690824 271252189
472352398 254386700
483626772 482196760
299740311 380460316
410995291 408858212
88670607 16366064
6919579 730008669
280918028 139760993
88047301 743015499
398038391 249830566
134854051 146046799
740775120 131337907
606987243 168434844
22365994 338036236
573364250 86086682
218486725 24130053
150103277 295002878
70829471 708231576
389805612 526748389
191984091 624869874
40747835 829701750
3298433 844061699
260941175 699754242
680977666 51949888
190417415 96675595
449538029 261910863
536226982 220500521
12849462 104499142
361443452 62378952
442476723 195760767
204087111 499886735
9098110 880716325
428987161 258929284
529404724 159797818
383652729 430566059
677174202 170922904
464469667 446074881
248127581 324233526
150332781 706502410
429542159 565018486
106492757 509479203
15771173 245918516
80170403 71371363
748462723 94969978
479319283 374381117
924668064 33362294
510791233 307598385
317683703 85871501
212107890 606145898
94455102 381684134
396556501 455691871
345438457 296919061
341392458 606946975
562072505 56495102
377024681 113462431
621355821 39311450
163254651 427107841
187531720 253072240
659470005 191533815
828578292 91719873
148207448 303143001
101895038 221896020
81060648 906054003
609936053 210521680
574909328 302504808
310651651 212024237
167877104 246314340
546528298 243720326
698038037 189486233
24466756 814669591
37793195 273617774
762340954 122826996
293268271 655854317
435266405 57111067
364032791 83237636
96633107 311677379
406655302 199144272
827672946 56593360
740700056 44184110
54604710 496227328
92522210 484517283
369264875 263439902
521627310 151794184
303193282 286100598
563554573 176506268
190514501 505620960
447820552 360283574
876202757 54877916
526788691 88451141
239929859 132361534
303586380 331375389
229768833 548995869
271235833 392732320
849615512 32425718
24 2 21
9 8
13 8
24 3 10
9 8
13 8
17 8
24 3 23
9 8
13 8
17 8
24 3 4
9 8
13 8
3 10
24 1 6
9 8
262104363 28 243099902
26128193 49069195
34594518 113219060
55697713 204629528
93901066 106026241
75952061 30245422
70683921 115123604
98978022 95756077
226180032 7193296
247411190 5771355
159675897 6518438
75206666 106093469
5461453 112565115
156406090 4841145
79012549 76348986
76598033 140072219
88360838 79717100
18903940 88527071
87433078 27641615
109534387 29271561
8786361 89901239
97235447 16291677
16955094 49243656
25589344 103869593
141918956 20654840
70501212 12150463
200448229 18948703
161456510 90372859
143462974 48440076
2 1 2
1 1
24 2 14
9 8
13 8
1000000000 100 564083281
754575436 52229525
290475344 82839698
312389732 208388468
546546072 46147368
192547535 464293048
62391549 815743402
264165217 356902549
389989852 182842066
239225070 192931278
124100121 733253285
896637762 28082695
18393068 285772749
28930289 499755366
340769547 334664645
672657179 123205011
569811094 19058935
61915433 553084259
449876500 357736222
212832855 699692349
56443645 30796022
279861447 520979436
445340714 169772857
25498733 69601902
134317536 689704893
523278155 392262066
146391915 38259777
168566204 366159974
83055746 137196847
398300728 212357769
275778388 646038934
95618936 189877737
897790571 70399624
749315953 40679704
698126815 202203169
145410670 762136700
370561209 388864925
20817673 365864094
281482109 282591244
288831302 52658994
439839312 334979173
781810762 185515798
222608664 643723331
328563194 238878383
564558359 339310352
621801207 9175422
636351024 128444898
421120377 390136818
69361578 277123776
210961063 525021978
168610080 754324653
143577302 396858905
43266366 537411890
453844866 29155450
122318092 2774664
463279015 26902501
197742559 518273251
175632581 461571355
708371402 158758394
136911875 409771894
677608241 89083766
114104248 579368637
270491389 583648920
352956692 645216515
395771484 190722537
381876144 30917251
351835009 67244154
37411863 84317673
288266223 710280366
205297338 763601033
98333510 841082967
185628197 568896282
425061396 168474674
772081254 48853402
654165876 184586580
189957058 415360299
312252066 669939601
984250851 12475239
178639022 772650351
49760717 486024588
181651856 815854741
765348951 75988797
352591946 195058160
8721936 847331683
598396889 89396518
665037437 250050374
298632358 429547556
252199388 196730983
273467892 693953889
481419653 70522690
823220891 69763192
39335731 198497151
310874492 681969964
97198930 841739271
174719622 464694442
353592755 210275040
375460399 406791292
212813254 148414125
655100990 15129391
123403680 675696551
201770531 486946572
24 2 4
9 8
13 8
24 2 12
9 8
13 8
24 3 3
9 8
13 8
17 8
24 1 1
9 8
24 3 15
9 8
13 8
3 10
24 2 22
9 8
13 8
1000000000 100 638833509
233207753 287488798
168244265 332818790
721989519 144263628
135226297 182742858
268592960 582658637
64607951 594590005
595186014 190267696
491428876 320108868
22401289 977105801
204769829 510985738
338853898 453849476
562192022 311271597
204445474 396767029
435774316 369040229
916237669 22441870
233263689 670072589
159583648 768940789
293488163 391072219
161083399 1351209
425581028 66435043
543102705 288852339
24023539 338323693
194610479 325243347
104411055 52841697
85522593 229894282
144418698 419004041
394610431 513024446
633062176 228558627
618511944 117415296
676173206 69782194
346998447 516767739
341492959 544580247
93241586 439349744
199775965 76683073
265763662 594277567
430273530 493233202
349270944 147982545
436548486 252577984
465500078 448190974
174854609 811066242
17380238 580153973
243640470 507400493
256087865 446807086
491985009 476171166
542848936 169854278
585713600 172716817
480164496 406456194
700533628 93342631
273322541 264711991
37527331 598169846
619356187 128894844
83692858 93531356
106819645 184181189
19428434 260896254
90934011 559936292
395851094 53232795
677522680 277095838
476866916 83709025
694397900 103551401
126686159 861741513
294092235 118237239
365807803 204003485
172690810 735535599
347654609 589609363
520093588 241838738
804261217 142021715
10965171 123858824
172234521 728249935
588812804 164930743
150469299 400303995
261082173 619646227
98530404 689877835
507697434 190274080
70038594 11130088
603104265 236502307
866352327 121973622
320436501 103464079
57864788 240980866
519277965 80794392
8940827 500656714
345636827 512789986
749391858 157344215
686777607 84154216
264895605 331210206
50760753 795004881
196649604 755077024
533558337 146677183
686289360 264424336
66380526 750029085
625201810 137786339
592865521 207234241
962204022 20369536
210563413 217406706
300545399 94655390
508215940 175202298
4984235 545383804
110528352 323750841
340614722 453917689
636313523 111757756
536478535 436828618
565758612 91 108248620
323252356 95347273
15095255 198121556
194448123 94897630
320154786 230348907
517444066 19823647
298127779 68880067
304838926 214848357
4744403 14150558
44036364 210768828
509838973 48864343
316595748 222197328
409206760 52838795
66083421 80200502
124111196 360102307
335070567 163696627
86532531 140006297
152874776 176775596
430942499 54800024
176554249 165567159
121196268 80543265
22976527 42231244
70157583 448692972
287058414 259463007
156998283 131476138
156879343 108686717
166409397 196180527
7273668 401636029
113382036 266903078
71118169 395436739
129200620 298137332
20355077 390801283
54653122 463402754
435966124 103231774
27593491 105519756
201986636 193853898
155668205 395775427
74452235 116414043
315786003 214685461
35595701 3283173
47874088 90622084
187968723 76384434
111766327 91435262
101143396 212882542
49509054 116207816
36030922 221519650
237277611 126174411
421891012 96046000
76281659 329776355
354290612 82847498
6441971 153682524
510152673 12426894
70162032 34882439
97284203 90127595
211925203 313111400
274384227 239607916
129492543 315475061
170393728 189899446
109656619 157695764
273984574 232710985
279512689 225914416
58990530 488551830
27840479 484864217
234361346 216636607
102160095 453831951
13009851 521166622
18585124 21819671
187868095 107620559
120445867 290507950
280753912 10270083
18647177 32605648
399119786 64585187
279563373 268796651
25282845 242673277
245412509 47776492
206653846 89365870
142151940 166079543
123836381 26089349
160300878 231046910
319911121 17913039
7973415 281946737
301527110 105190916
298836829 84671789
107977770 13225297
187287225 228262524
104072756 95581644
334928896 78061209
255604105 20805826
287567085 9984828
438012152 42604610
118420784 5038546
313402918 27611875
1000000000 1 1
1 1000000000
2 1 1
1 1
24 3 2
9 8
13 8
3 10
24 1 12
9 8
24 2 23
9 8
13 8
