147
24 3 18
9 8
13 8
17 8
24 1 11
9 8
2 1 1
1 1
24 3 12
9 8
13 8
17 8
24 3 6
9 8
13 8
17 8
24 3 14
9 8
13 8
3 10
100 100 21
9 62
18 32
29 18
55 40
13 3
21 24
77 18
50 50
20 45
17 71
34 7
58 12
24 27
4 91
7 54
88 12
18 17
19 74
26 71
76 18
20 59
5 31
7 38
20 44
93 2
20 39
31 55
17 73
56 39
28 4
3 55
25 45
36 38
1 56
13 32
49 20
2 59
16 66
10 45
2 9
45 45
21 64
87 14
40 18
52 29
1 60
32 2
77 3
11 67
37 60
11 68
42 23
53 20
14 61
21 45
4 60
17 16
35 7
48 50
57 26
2 66
12 80
25 73
68 26
10 20
21 63
15 61
1 66
11 53
60 40
4 49
14 26
34 32
13 63
50 49
4 92
9 83
38 63
77 12
36 31
36 45
30 48
17 30
68 3
35 50
56 21
24 46
33 9
60 28
40 35
29 19
36 61
46 24
16 20
43 22
2 24
20 34
45 4
33 32
1 97
24 1 7
9 8
2 1 2
1 2
54 43 28
19 4
3 12
12 42
28 11
36 17
23 2
23 12
15 19
6 34
3 38
20 17
11 22
2 33
2 46
12 4
39 8
2 15
19 26
4 13
4 48
31 20
26 21
17 5
41 13
17 31
18 2
25 17
22 11
17 10
24 30
14 2
39 2
23 31
25 18
31 9
18 12
1 12
49 1
26 12
41 11
12 24
19 25
19 21
24 2 21
9 8
13 8
100 100 25
17 3
49 1
48 52
63 2
17 45
26 51
30 58
44 13
27 29
22 29
66 26
10 73
36 9
32 34
41 6
73 4
78 6
4 63
5 73
66 25
15 23
1 75
40 48
54 39
23 39
38 40
57 17
20 19
13 14
6 72
42 45
5 74
35 54
7 88
18 14
1 86
24 47
53 20
30 46
21 35
36 33
18 81
47 11
15 9
29 58
6 19
21 32
27 74
18 34
55 41
70 11
18 23
3 24
23 36
33 11
69 29
12 86
3 12
29 12
12 1
8 85
58 3
53 43
6 59
94 1
87 4
52 18
74 2
69 10
42 58
5 11
5 93
51 34
13 19
15 12
37 3
40 40
14 54
63 20
20 44
34 17
56 31
7 22
59 12
82 4
31 42
44 23
41 28
75 7
46 28
40 24
26 74
44 18
42 58
58 1
9 86
30 28
59 39
59 29
19 31
24 2 1
9 8
13 8
100 100 17
93 8
30 47
27 5
47 24
23 52
96 1
28 62
19 54
34 52
16 75
30 20
7 70
18 66
5 37
2 5
2 27
68 33
12 80
2 49
37 53
38 37
73 24
10 12
15 22
8 90
1 64
86 1
25 3
5 34
2 54
72 20
20 37
10 90
26 41
21 46
2 39
45 30
50 12
23 58
20 24
42 24
36 45
41 23
44 40
37 52
36 1
13 70
13 70
5 49
39 34
51 32
80 13
2 92
16 1
52 35
15 85
48 17
2 13
3 7
69 31
38 47
52 19
11 44
80 6
58 27
78 18
21 5
14 31
9 59
11 17
42 53
7 15
68 30
29 42
44 17
53 8
13 60
50 32
1 92
18 30
17 65
9 71
13 59
64 28
94 4
15 4
47 24
56 14
17 2
32 45
29 37
69 2
40 39
61 4
18 51
35 35
16 55
69 6
31 52
5 92
24 1 16
9 8
100 100 84
16 41
28 6
3 42
26 36
12 21
70 1
64 1
15 30
57 13
34 18
69 23
40 42
88 5
5 55
28 35
72 27
15 16
69 5
48 1
18 51
25 33
50 39
23 29
9 21
5 2
2 90
5 77
39 27
51 19
23 23
45 37
19 78
3 30
36 36
5 71
15 15
90 1
10 78
43 28
4 34
28 41
11 36
17 81
32 10
14 18
30 34
72 7
5 13
17 43
37 57
34 45
1 1
17 71
51 43
32 44
27 33
40 2
41 55
31 38
31 42
6 40
2 18
5 31
55 1
3 79
7 82
1 3
63 11
26 18
14 34
19 16
8 50
34 51
17 31
1 1
55 42
39 49
25 31
47 53
22 65
42 39
67 2
31 45
5 91
5 89
69 19
23 70
67 32
16 55
17 67
45 20
26 31
44 33
52 17
42 33
85 5
61 26
54 44
45 3
47 18
24 3 17
9 8
13 8
17 8
43 33 5
36 8
7 17
24 3
13 3
36 4
17 27
14 22
5 6
36 5
12 31
19 11
15 1
7 1
38 4
19 2
21 8
8 35
26 10
16 12
34 1
12 15
43 1
25 15
8 30
3 12
5 39
6 34
6 27
1 9
21 11
1 1
7 18
18 12
24 1 15
9 8
1 1 1
1 1
24 1 19
9 8
83 94 80
68 16
19 57
34 10
5 54
26 10
25 49
6 24
21 31
25 52
45 39
13 21
30 51
1 14
32 8
9 23
10 11
52 18
27 14
14 68
37 9
38 3
36 35
75 9
33 28
16 37
51 19
31 20
29 16
14 46
43 29
5 21
44 2
33 27
80 1
39 27
58 2
32 47
6 28
4 59
54 20
28 56
22 12
58 5
41 32
21 29
55 5
41 6
47 4
53 5
51 2
13 10
20 37
16 35
59 18
49 8
38 6
20 37
52 18
2 31
45 8
25 6
67 3
39 20
40 2
5 79
15 60
37 38
5 63
9 36
11 45
11 73
7 57
27 34
21 17
34 8
36 19
79 2
34 21
38 25
22 49
16 30
12 36
59 10
31 37
2 18
3 16
15 30
55 10
48 26
18 21
9 8
16 2
22 37
7 2
100 100 42
91 2
45 47
13 15
1 22
20 19
55 18
25 41
1 99
10 32
30 3
81 17
16 41
10 31
43 21
4 13
7 23
35 27
74 27
74 1
11 35
40 45
2 56
21 27
5 62
22 54
16 14
62 3
73 13
50 36
41 48
54 33
4 20
45 10
41 25
12 62
35 4
12 1
78 6
32 10
19 23
14 30
12 65
58 1
5 84
57 28
36 34
53 1
43 8
50 8
58 25
11 59
44 15
14 42
67 25
11 90
42 54
23 13
64 15
39 12
15 44
76 13
3 84
60 20
6 62
36 5
16 22
31 15
63 6
53 42
4 72
24 28
10 62
70 10
48 51
28 3
48 26
11 55
23 14
17 42
8 5
32 21
4 63
27 32
18 81
53 30
8 18
33 68
31 65
20 69
7 29
22 22
23 2
36 23
48 37
65 36
9 69
69 15
33 46
64 33
35 20
24 3 10
9 8
13 8
3 10
24 3 24
9 8
13 8
17 8
24 3 11
9 8
13 8
17 8
100 100 92
20 70
22 44
49 14
12 75
94 6
15 50
28 50
39 34
84 3
16 65
59 16
13 18
5 47
18 28
29 31
41 8
15 57
34 32
11 64
37 45
63 38
39 14
3 24
34 16
6 38
68 4
24 45
47 16
8 37
70 1
52 30
6 28
47 36
13 61
68 21
33 11
16 9
8 34
11 37
12 88
5 9
76 13
76 2
44 27
61 34
44 8
56 3
31 36
11 48
5 42
94 4
48 20
1 36
19 79
41 44
58 43
30 37
9 45
62 2
43 4
58 26
26 36
20 46
25 67
54 31
14 32
72 20
47 31
49 11
60 10
31 25
60 8
65 11
57 13
74 5
68 29
23 43
25 17
10 19
52 5
54 22
13 70
47 7
19 44
8 43
34 45
39 27
33 41
4 33
71 19
47 16
17 49
8 18
35 15
41 57
28 66
31 55
65 15
9 38
9 45
50 13 38
9 26
11 39
4 15
37 13
13 16
6 39
30 9
44 3
28 12
37 5
17 16
6 29
18 18
24 1 23
9 8
24 3 4
9 8
13 8
3 10
24 3 1
9 8
13 8
3 10
24 1 24
9 8
19 2 15
1 18
2 8
24 3 11
9 8
13 8
3 10
24 2 24
9 8
13 8
100 1 100
1 100
24 3 22
9 8
13 8
17 8
24 3 20
9 8
13 8
17 8
24 3 23
9 8
13 8
17 8
61 67 17
39 19
6 45
55 1
17 24
7 15
7 45
3 30
35 10
41 7
33 10
41 14
23 22
1 34
17 31
5 12
45 13
8 39
30 4
9 14
1 30
10 36
46 15
12 31
7 41
47 14
45 13
19 9
20 14
11 33
39 16
7 52
14 11
46 4
41 17
31 8
44 14
19 3
26 32
36 20
49 3
32 15
21 9
8 33
37 16
45 1
39 1
11 4
21 4
34 8
1 36
18 24
29 4
6 42
30 32
15 9
11 3
1 11
11 39
6 48
7 42
54 7
36 16
39 12
33 14
31 20
28 3
1 3
100 100 3
19 79
10 22
81 6
6 73
1 2
19 25
3 42
38 63
5 3
29 7
84 12
18 71
57 44
38 14
36 50
31 17
24 2
34 23
3 50
41 39
49 37
42 10
7 58
56 23
51 5
11 29
27 50
8 13
19 56
24 9
73 7
8 9
26 64
27 10
12 30
4 43
32 61
54 42
19 53
15 70
31 28
3 46
70 15
1 46
18 60
83 4
19 75
30 44
24 11
2 7
57 24
4 41
69 3
51 27
34 56
26 39
23 23
21 72
21 7
6 85
64 7
72 19
41 16
10 87
24 64
61 7
42 26
58 38
20 31
22 30
55 45
64 28
45 25
77 14
26 18
53 11
17 31
3 7
88 2
1 70
19 24
44 39
46 3
34 39
27 32
40 13
37 2
62 11
49 14
26 12
79 1
47 49
23 76
30 17
57 30
52 31
77 23
23 43
68 14
33 20
24 2 5
9 8
13 8
24 2 20
9 8
13 8
24 2 11
9 8
13 8
24 3 12
9 8
13 8
3 10
24 3 16
9 8
13 8
17 8
24 3 14
9 8
13 8
17 8
2 1 1
2 1
24 3 22
9 8
13 8
3 10
24 3 9
9 8
13 8
17 8
24 1 22
9 8
24 3 6
9 8
13 8
3 10
64 63 23
15 46
7 34
3 34
32 3
36 13
1 8
31 22
30 17
10 17
24 34
40 18
41 22
13 3
46 10
22 13
45 2
7 10
5 46
18 2
39 17
2 11
1 10
6 20
12 28
27 5
40 2
19 44
1 38
37 4
6 33
44 10
11 54
25 25
13 9
24 36
16 20
6 32
13 8
30 16
47 9
56 5
34 1
15 45
12 30
3 13
8 52
20 6
29 31
23 21
44 19
28 23
57 7
22 36
12 26
2 8
16 19
19 8
8 56
24 14
23 16
32 21
55 8
3 48
100 100 49
2 98
2 98
2 98
2 98
2 98
2 98
2 98
2 98
2 98
2 98
2 98
2 98
2 98
2 98
2 98
2 98
2 98
2 98
2 98
2 98
2 98
2 98
2 98
2 98
2 98
2 98
2 98
2 98
2 98
2 98
2 98
2 98
2 98
2 98
2 98
2 98
2 98
2 98
2 98
2 98
2 98
2 98
2 98
2 98
2 98
2 98
2 98
2 98
2 98
2 98
2 98
2 98
2 98
2 98
2 98
2 98
2 98
2 98
2 98
2 98
2 98
2 98
2 98
2 98
2 98
2 98
2 98
2 98
2 98
2 98
2 98
2 98
2 98
2 98
2 98
2 98
2 98
2 98
2 98
2 98
2 98
2 98
2 98
2 98
2 98
2 98
2 98
2 98
2 98
2 98
2 98
2 98
2 98
2 98
2 98
2 98
2 98
2 98
2 98
2 98
24 3 8
9 8
13 8
17 8
24 2 4
9 8
13 8
24 2 9
9 8
13 8
2 1 2
2 1
24 3 15
9 8
13 8
17 8
24 2 12
9 8
13 8
24 3 10
9 8
13 8
17 8
14 85 13
11 1
1 4
7 8
12 1
6 7
5 6
1 12
10 3
5 4
8 4
1 13
3 11
7 1
2 9
8 5
14 1
7 1
4 11
7 1
6 7
4 11
1 7
3 1
1 13
7 2
1 13
2 10
4 2
2 11
3 1
4 5
13 1
7 6
4 6
1 6
1 7
8 3
9 5
4 2
10 3
7 2
8 7
14 1
9 5
9 3
1 5
1 4
3 10
1 6
1 5
8 1
6 1
2 13
13 2
6 7
2 8
1 4
5 7
6 7
7 2
9 3
7 4
2 6
6 3
9 1
1 8
1 6
4 3
2 8
11 3
12 3
3 5
3 8
3 2
5 5
5 10
12 3
2 3
6 5
2 6
14 1
4 10
6 5
4 1
4 1
24 3 20
9 8
13 8
3 10
24 2 22
9 8
13 8
100 100 24
17 77
44 43
15 26
38 39
80 8
39 9
34 54
68 1
41 44
33 39
26 12
61 16
55 43
6 89
1 18
31 56
46 27
46 33
70 19
19 53
1 99
11 32
2 90
6 2
31 54
20 78
18 56
15 77
34 58
19 3
95 2
31 51
18 63
45 28
34 27
60 1
31 70
17 38
16 55
75 8
8 56
12 35
70 31
56 4
9 65
9 7
53 9
30 57
2 49
21 2
39 10
45 2
54 32
84 6
53 13
10 25
38 11
7 88
63 22
32 40
66 27
78 7
48 26
69 14
42 5
39 20
38 37
62 20
60 6
58 28
44 5
29 67
15 24
18 24
32 61
31 26
78 20
21 28
62 29
95 2
7 68
2 22
4 47
57 27
24 5
2 1
27 17
31 39
53 46
3 24
2 62
17 65
11 59
4 12
57 14
19 17
71 8
81 20
41 12
8 49
24 3 19
9 8
13 8
3 10
24 1 18
9 8
24 3 18
9 8
13 8
3 10
100 89 13
53 14
14 31
33 55
9 25
33 20
11 20
39 39
57 26
22 72
11 90
53 39
57 18
12 1
59 15
61 25
31 19
52 23
79 16
6 17
73 14
36 3
54 11
42 12
7 50
25 31
1 32
2 85
49 32
51 25
30 71
47 4
1 50
9 18
36 38
6 66
5 82
2 13
87 2
47 5
63 17
18 22
72 29
8 69
21 28
24 46
8 27
33 22
76 8
2 71
24 41
8 7
71 17
41 12
28 52
45 42
25 28
1 74
75 16
13 51
16 80
41 11
84 14
58 8
62 25
77 14
8 83
17 4
54 29
36 48
37 40
3 95
3 52
77 9
12 40
13 28
34 26
23 13
3 93
31 11
28 52
29 26
34 34
8 38
1 44
55 17
7 84
25 16
39 60
67 34
24 3 5
9 8
13 8
3 10
24 2 10
9 8
13 8
2 1 1
1 2
24 2 16
9 8
13 8
24 3 17
9 8
13 8
3 10
30 54 4
5 3
3 18
25 3
6 16
13 12
12 6
6 6
4 22
22 1
9 5
17 3
18 1
22 9
8 17
18 5
20 10
3 9
3 27
13 14
5 8
18 10
8 20
11 1
24 1
18 2
13 16
10 21
12 8
10 9
13 3
11 20
12 12
2 5
18 8
24 4
12 13
16 5
11 3
1 20
5 9
12 8
20 2
16 15
3 25
16 14
3 25
13 3
3 26
13 12
8 16
14 4
21 8
4 1
10 13
24 1 5
9 8
24 3 24
9 8
13 8
3 10
24 2 8
9 8
13 8
24 1 2
9 8
24 3 5
9 8
13 8
17 8
100 100 95
15 20
62 25
42 16
7 22
44 56
9 12
52 34
23 61
31 16
52 2
36 41
40 7
67 11
19 70
42 56
3 13
12 40
64 9
13 6
22 73
33 29
36 47
55 39
4 88
30 64
38 14
27 25
10 64
18 78
4 27
24 12
34 9
62 30
5 29
48 38
84 14
28 71
6 82
32 44
38 21
8 83
2 41
21 46
57 5
75 14
18 37
49 7
17 34
4 71
30 30
42 25
48 16
71 1
43 45
50 9
83 9
5 58
34 63
51 11
19 2
3 83
47 4
3 4
33 59
23 55
10 43
41 48
58 11
25 57
50 6
67 13
74 9
48 10
48 15
17 64
70 4
42 12
24 52
17 49
50 51
84 5
13 29
87 8
77 10
16 72
5 38
32 3
6 45
65 23
2 3
7 49
45 7
16 5
9 76
38 12
43 43
36 57
5 1
5 13
67 25
24 1 13
9 8
100 100 79
80 3
70 16
11 11
47 54
44 56
5 23
1 7
16 1
12 34
23 36
79 3
10 63
16 46
16 3
30 62
22 76
23 3
24 5
28 18
32 40
18 37
19 62
39 32
8 67
21 29
51 22
16 27
67 25
30 8
39 41
14 80
52 27
56 35
17 66
29 4
10 9
61 31
15 20
38 61
21 2
6 50
35 27
16 63
6 59
26 20
66 28
7 37
40 39
69 30
5 61
53 14
66 14
43 40
17 25
72 21
77 3
63 38
24 40
8 60
52 30
33 20
37 30
28 6
49 43
10 77
16 4
27 25
32 53
27 10
13 9
43 5
49 32
59 19
7 15
8 49
39 50
9 81
31 63
9 59
3 7
11 56
36 9
18 58
22 44
16 82
61 3
28 64
9 37
27 22
49 49
31 4
14 69
20 30
31 5
52 1
20 58
44 34
57 15
39 50
35 51
100 100 26
65 35
56 22
46 35
48 47
26 64
18 83
7 42
11 16
41 41
44 13
26 54
26 36
77 11
50 33
92 8
21 3
41 3
41 48
7 16
30 35
10 44
27 25
95 5
43 18
45 36
5 40
8 40
81 2
49 14
39 6
2 99
45 54
13 23
28 25
12 61
53 35
46 6
12 39
7 18
14 50
41 12
30 6
45 2
57 33
6 33
2 19
9 63
4 13
57 5
74 8
46 43
66 19
15 5
13 26
53 8
16 16
18 3
37 64
26 21
58 7
5 82
3 12
24 16
38 36
27 33
17 66
17 46
17 64
27 70
25 28
48 37
33 21
18 58
24 47
13 35
63 27
67 5
26 42
50 44
11 14
13 27
12 70
34 50
10 18
65 5
48 23
32 41
16 10
20 43
60 35
82 1
72 13
38 34
76 5
12 37
59 12
65 33
13 67
13 12
76 12
24 1 8
9 8
24 3 3
9 8
13 8
17 8
24 3 15
9 8
13 8
3 10
24 2 19
9 8
13 8
24 3 3
9 8
13 8
3 10
2 1 2
1 1
99 6 98
24 65
1 25
51 21
40 27
36 22
79 5
24 2 2
9 8
13 8
32 82 11
13 14
9 13
18 7
7 20
27 2
17 1
15 4
2 31
5 1
4 24
4 26
26 4
9 9
15 4
13 6
8 8
18 2
9 20
8 9
11 15
19 12
11 1
18 15
22 4
8 21
4 21
22 10
22 3
6 1
15 7
1 6
16 1
13 9
3 4
8 8
4 4
11 11
17 12
4 5
20 5
14 16
6 14
8 17
6 21
8 9
9 12
6 23
13 18
6 22
22 7
1 4
1 26
30 3
8 3
12 6
3 10
19 2
17 6
3 2
13 9
12 13
1 15
17 16
17 14
4 4
10 16
1 24
8 2
4 7
26 3
8 12
5 28
2 21
3 27
9 18
16 14
8 18
10 4
6 26
6 24
4 5
32 1
100 100 97
37 18
36 65
20 12
6 85
62 11
18 57
33 55
8 58
34 40
32 61
21 12
68 32
1 7
12 64
34 26
7 49
10 78
52 22
7 11
1 88
42 24
28 61
3 34
14 68
42 57
22 26
80 17
59 41
43 8
8 70
21 35
23 42
47 39
1 8
77 18
54 46
9 37
74 19
9 29
9 24
25 40
45 34
63 22
25 41
35 15
50 19
11 6
63 26
53 32
23 66
97 3
20 2
57 42
57 42
14 11
60 13
2 45
42 41
9 79
8 25
32 17
12 29
52 8
39 29
19 37
18 75
11 73
40 6
17 71
30 39
49 22
48 45
66 1
66 21
53 12
61 20
19 50
24 45
76 19
53 6
53 25
6 77
32 69
15 82
67 28
6 82
7 39
66 26
26 18
34 52
16 20
33 35
30 32
39 30
40 16
53 17
8 90
3 97
42 23
40 31
24 1 4
9 8
100 1 1
1 100
24 3 16
9 8
13 8
3 10
24 3 21
9 8
13 8
17 8
24 2 18
9 8
13 8
24 1 20
9 8
24 1 3
9 8
100 100 42
9 40
15 12
4 89
19 82
13 21
17 32
26 57
13 65
2 93
17 38
35 23
18 42
74 27
24 69
49 31
59 33
57 12
19 30
47 13
36 61
25 65
58 39
38 8
11 67
24 6
58 8
13 54
25 32
81 11
26 10
32 25
50 24
8 21
3 64
27 38
14 63
28 31
17 69
6 61
41 5
55 3
21 42
58 38
1 43
39 47
21 28
19 28
81 8
18 6
26 15
23 18
18 55
22 9
27 38
7 27
21 63
50 1
65 12
18 82
45 19
7 16
55 24
9 58
37 28
13 1
8 73
17 14
85 16
20 45
45 17
36 17
18 22
68 18
31 10
12 35
28 20
3 47
24 39
11 35
18 28
21 36
3 95
19 25
53 19
65 10
36 8
14 66
24 58
53 26
15 50
3 75
17 40
58 17
10 41
20 29
15 82
35 11
46 3
37 8
11 62
24 3 7
9 8
13 8
3 10
24 3 4
9 8
13 8
17 8
24 1 14
9 8
24 2 17
9 8
13 8
24 3 1
9 8
13 8
17 8
16 68 1
3 2
4 7
8 5
10 1
11 6
1 13
5 3
3 3
8 9
7 6
2 13
1 7
6 8
8 6
2 11
1 10
13 2
4 5
2 4
4 1
7 9
10 3
8 6
7 6
2 9
2 14
5 6
5 11
10 6
3 8
14 3
1 1
2 12
6 7
6 10
4 3
1 6
10 7
1 16
11 2
1 4
12 4
3 8
4 9
4 2
5 1
10 4
3 10
6 5
9 8
15 2
6 2
6 8
3 13
7 3
1 9
3 13
3 5
1 11
3 13
2 10
5 12
4 2
7 4
2 4
13 3
1 2
11 2
24 2 7
9 8
13 8
81 34 71
23 28
59 5
15 56
64 3
22 18
33 47
21 44
6 15
12 69
59 19
24 43
18 15
48 34
5 36
22 59
13 58
30 41
4 61
52 1
14 58
64 1
35 4
36 10
73 5
37 24
2 32
53 28
28 17
7 74
4 36
1 7
60 1
29 40
35 12
24 1 12
9 8
24 1 17
9 8
24 3 13
9 8
13 8
17 8
24 2 6
9 8
13 8
27 21 20
2 8
18 2
13 1
18 2
10 8
13 5
15 6
3 20
9 12
16 1
7 3
1 9
10 9
8 13
14 5
20 1
3 1
2 18
17 9
21 3
7 16
31 80 18
19 2
23 7
13 18
13 11
21 7
22 7
12 17
6 25
2 22
10 13
28 3
15 16
17 15
19 1
22 10
16 9
8 20
21 8
11 9
29 3
10 4
1 9
2 26
22 8
10 1
3 29
3 25
13 6
28 4
15 16
4 27
7 18
2 12
8 23
13 19
30 2
16 9
9 1
1 29
22 3
1 27
10 5
6 1
19 3
3 27
6 8
15 11
9 15
11 10
19 2
15 14
8 6
26 1
9 20
8 21
16 4
12 13
2 10
2 12
3 5
18 10
13 2
1 4
8 6
17 12
14 5
4 17
2 19
11 16
18 1
2 14
6 15
17 14
30 2
5 10
3 11
4 1
19 5
2 27
1 31
100 100 3
43 5
38 53
17 77
34 51
29 26
33 25
43 26
48 20
20 78
1 87
38 61
31 53
26 46
25 47
4 69
9 18
4 24
4 96
12 86
24 55
35 55
2 54
9 56
7 90
29 10
32 56
6 88
24 47
14 38
33 23
26 28
7 10
72 4
73 20
63 11
69 23
50 41
5 36
64 36
36 39
9 85
56 45
45 55
23 1
23 70
23 18
5 39
11 17
57 8
13 84
2 70
48 37
24 31
57 1
43 15
17 43
6 19
17 10
17 81
34 2
40 6
7 59
28 5
38 23
71 1
7 94
8 60
20 74
1 89
27 37
39 53
35 14
11 72
36 52
45 23
1 63
30 68
3 41
25 38
39 44
81 2
55 45
11 63
19 79
24 10
16 65
71 2
27 62
11 62
35 3
4 83
67 2
66 35
13 85
16 68
10 29
71 22
28 72
7 33
16 79
24 2 14
9 8
13 8
24 1 21
9 8
24 2 15
9 8
13 8
24 1 1
9 8
24 3 23
9 8
13 8
3 10
24 2 13
9 8
13 8
100 100 46
20 52
83 16
14 65
65 30
30 35
37 30
35 43
72 19
64 35
65 27
16 12
5 15
19 68
43 42
26 65
25 18
2 54
49 33
11 51
12 19
8 60
3 33
28 39
48 24
21 12
35 9
38 46
32 42
2 99
83 12
85 6
25 18
26 32
53 8
53 11
15 60
8 62
86 15
16 54
58 41
20 1
82 10
28 28
66 31
7 94
47 25
3 91
42 34
31 48
40 47
39 9
15 70
50 17
79 18
60 35
19 71
60 14
37 39
63 6
14 83
1 23
4 49
3 21
12 79
43 56
40 50
2 85
45 16
10 15
19 14
2 32
4 58
3 51
48 17
4 94
47 2
74 3
25 65
54 32
18 64
12 26
24 36
19 27
7 63
88 7
37 15
31 61
11 48
19 42
24 43
3 13
34 39
17 71
3 62
41 20
52 18
30 48
24 17
25 19
24 21
24 2 23
9 8
13 8
100 1 10
1 100
24 3 19
9 8
13 8
17 8
24 3 8
9 8
13 8
3 10
100 100 42
66 30
13 86
11 57
24 50
54 38
71 6
48 21
22 33
16 38
4 34
17 63
9 75
36 64
85 14
52 16
2 55
39 49
43 19
78 19
28 44
30 60
18 23
32 38
12 74
13 29
30 42
48 18
26 37
21 49
87 4
20 78
26 14
23 42
7 89
63 38
18 52
5 62
58 2
47 52
16 72
26 73
17 80
24 77
42 24
33 35
14 13
54 23
35 19
78 20
30 39
59 35
34 59
3 36
7 42
81 5
58 24
34 27
35 7
67 33
86 3
2 8
41 57
56 40
61 25
45 48
28 49
26 28
31 41
16 51
59 23
2 23
46 9
18 68
8 28
10 22
67 34
37 19
21 71
2 97
1 3
31 27
17 49
47 28
52 3
7 43
26 14
51 33
49 38
69 25
68 13
40 59
33 4
4 82
72 26
41 47
12 26
22 11
65 11
2 98
25 37
24 1 6
9 8
24 1 9
9 8
58 29 26
11 17
17 31
23 5
3 45
52 5
10 18
22 25
17 16
6 16
11 44
16 7
31 20
16 25
10 40
2 9
4 30
3 16
30 29
13 16
4 47
16 3
5 53
20 10
27 6
48 6
38 1
30 7
9 16
28 26
24 3 2
9 8
13 8
17 8
24 3 7
9 8
13 8
17 8
57 21 2
18 22
16 14
2 27
3 1
4 29
19 18
20 6
2 13
28 7
38 8
30 7
19 34
25 13
17 19
12 40
20 13
8 45
6 28
5 20
10 21
26 18
24 3 21
9 8
13 8
3 10
100 100 78
29 59
18 27
24 2
23 8
62 14
24 4
38 8
47 21
51 42
64 6
6 29
47 44
12 6
10 71
34 35
13 14
14 12
68 20
7 27
88 8
49 43
44 5
22 14
9 20
44 22
30 67
29 70
30 49
39 45
11 41
79 22
45 24
62 16
11 16
38 62
85 8
14 83
36 40
25 52
74 12
14 6
76 7
25 73
30 8
77 9
33 65
17 40
44 6
86 8
12 34
69 19
53 19
3 28
37 37
36 38
27 27
21 33
23 34
8 28
18 46
11 10
68 9
76 2
56 36
12 71
51 39
4 50
4 84
51 40
65 19
57 18
26 26
68 19
55 19
3 6
5 20
62 32
42 49
21 51
30 66
65 16
45 25
32 52
69 23
8 70
27 57
79 21
18 49
2 61
4 69
1 81
11 41
2 81
59 26
1 90
12 57
37 12
25 22
32 49
51 1
24 3 2
9 8
13 8
3 10
24 2 3
9 8
13 8
24 3 13
9 8
13 8
3 10
100 100 72
4 10
60 29
21 16
14 19
57 8
19 24
39 17
9 62
32 32
81 9
27 17
22 1
16 49
33 45
52 33
12 82
69 26
27 48
44 48
66 35
25 61
92 2
38 63
39 5
35 8
67 2
51 33
35 24
55 5
21 54
66 23
41 37
46 48
75 12
30 50
19 5
54 5
48 15
24 64
32 51
16 33
7 33
22 35
14 39
4 83
85 13
14 40
4 49
8 26
17 55
12 87
15 55
5 32
4 52
22 35
11 72
16 4
17 82
21 64
6 19
44 38
34 6
57 26
41 27
12 30
23 52
13 45
25 1
86 14
35 32
66 5
43 7
24 60
43 50
16 37
55 44
13 22
55 29
28 32
33 63
47 1
19 40
23 71
19 23
66 31
11 81
21 65
21 29
47 45
90 11
77 7
60 26
56 29
2 41
23 32
3 29
10 7
27 21
35 50
17 65
24 3 9
9 8
13 8
3 10
24 1 10
9 8
100 100 19
91 3
27 25
10 84
12 60
9 63
24 53
37 24
85 3
8 5
83 17
14 21
18 32
9 87
50 32
12 31
24 3
64 21
2 83
7 71
70 2
41 7
11 54
47 10
7 53
13 75
24 29
48 17
21 66
45 40
8 92
32 3
30 6
20 58
29 26
46 46
44 36
18 46
78 7
3 72
36 35
6 83
7 35
68 26
76 8
86 13
24 68
14 72
42 32
32 7
81 6
9 65
36 20
58 39
79 10
20 18
47 2
36 19
3 94
2 48
9 14
20 61
31 41
14 63
37 28
23 62
23 51
16 61
41 41
55 1
41 45
63 1
91 5
5 55
18 18
13 81
57 20
68 32
19 6
2 67
24 28
85 11
33 7
46 21
4 88
79 17
43 47
43 53
23 32
6 59
21 49
10 73
20 29
61 28
2 92
10 64
86 5
69 15
26 48
21 71
18 8
100 100 44
39 9
65 7
59 31
50 43
36 57
3 33
38 42
68 11
4 72
19 70
64 25
26 26
16 3
30 9
10 16
53 24
18 1
4 64
8 55
6 77
31 60
48 3
1 5
44 2
19 3
46 23
24 12
6 46
19 41
31 63
43 51
58 37
31 50
14 54
72 25
60 27
5 88
9 82
11 11
11 25
34 14
40 15
54 37
73 5
94 6
48 44
21 61
14 78
11 81
4 87
74 19
76 4
39 61
44 26
32 12
23 16
14 39
29 68
2 55
36 31
92 3
2 95
2 99
52 36
21 61
66 22
22 44
29 31
11 68
55 36
22 27
11 48
7 1
54 17
20 47
55 30
4 55
50 2
9 10
37 35
22 21
23 38
57 19
47 13
87 4
53 47
49 7
31 27
6 4
47 34
21 39
13 86
31 53
29 51
20 49
37 34
8 52
56 12
64 20
1 7
16 21 2
3 11
4 11
4 6
5 3
6 1
11 1
4 2
2 2
6 2
10 2
4 8
8 1
4 10
1 2
3 5
7 6
3 6
11 3
5 1
12 5
11 3
61 88 8
46 2
12 49
5 27
54 4
7 53
25 17
7 1
61 1
31 8
2 36
23 16
21 39
13 20
47 14
30 16
29 20
19 2
27 29
15 42
15 25
12 29
24 5
9 51
21 30
17 30
1 20
20 18
17 32
6 38
26 15
10 23
42 12
16 25
27 2
9 19
42 11
1 34
45 6
37 9
35 19
7 37
44 10
23 21
6 38
18 22
24 25
20 18
2 8
13 47
37 3
16 45
32 26
25 31
2 43
14 25
42 15
26 32
46 10
9 40
14 40
12 26
28 1
15 12
26 8
1 44
52 9
1 56
16 36
9 27
22 13
5 54
28 19
20 38
25 8
2 53
42 2
44 4
43 9
52 9
15 12
25 3
7 4
5 4
1 50
50 11
39 9
7 40
1 25
