99
761053087433 761054008196 6
877925297937 877925730756 379109
654236857422 654237746105 3
941820682546 941821547189 898816
380331 380331 380331
848225956151 848226852149 2
253777745851 253778598664 647627
784345842905 784346820371 344820
476367250408 476368061086 4
979119025466 979119901304 4
399392188773 399393154365 8
337736884941 337737608014 6
47078961300 47079737582 4
201904414962 201905395190 262756
155333850988 155334802304 275858
857385924587 857386865570 5
412037194716 412037495971 226342
132033431030 132034240643 661239
119942216206 119943183755 2
328826862966 328827722067 5
594404394866 594405274117 5
942076698764 942077535556 8
265506609677 265507561205 6
999999000000 1000000000000 2
10 20 5
38162777300 38163575690 2
544860773140 544861658705 7
350649858819 350650625956 894430
706540311744 706541066124 4
177549762091 177550753089 327686
248105976861 248106893704 6
562700961211 562701908688 8
569934498737 569935421468 79446
129751216527 129752115539 6
1 1000000 127
62050411457 62051395318 7
1 1000000 999999
221829184730 221829907565 3
957861 957862 2
201544586601 201545456183 5
409601034882 409602003598 8
351273395691 351274395527 8
201037496724 201038475731 8
102095238858 102096098947 616126
440484343922 440484970017 2
792330631568 792331269182 3
513786725926 513787429329 477086
412891777945 412892458753 4
534022485370 534023325178 6
447538065299 447538723083 256192
177467 177468 2
370067226662 370067878329 3
271584257035 271585239306 87766
465521221435 465521873549 3
2 518017 518017
573819462506 573820015122 750848
999999000000 1000000000000 126
378925033020 378925751540 258272
297638863600 297639675649 5
612101424365 612102415671 9
105370 105370 2
65728380173 65729365896 451661
999999000000 1000000000000 1000000
590076425180 590077357365 6
555701998714 555702985854 9
501513148960 501513818991 6
688586912757 688587491258 8
847467278210 847468134432 108583
366720923427 366721916340 5
1 1000000 2
493623905652 493624902470 6
278956527124 278957451540 3
377637709903 377638583513 573319
882171993770 882172926144 4
1 1000000 1000000
156020826423 156021686077 3
989106346929 989107345888 6
405096030164 405096734072 5
984613686022 984614408203 222844
335442095423 335443019144 7
521890070568 521891038174 4
373614273733 373614716404 6
357371925277 357372682455 2
27154871096 27155626714 6
432039524551 432040340792 7
111876652229 111877396443 3
188772670925 188773577871 167639
711841370085 711842250443 679294
233609 233609 2
9375605482 9376570687 890677
803295436023 803296420061 9
736548792325 736549667637 798317
10 20 3
387696813228 387697809888 148367
600188675529 600189662216 7
721535146493 721536146493 4
742044583805 742045520521 8
969060390543 969061271822 5
749379679863 749380635613 3
